0 963 155 1015 438 798
1 155 442 438
2 804 808 868 428 246 682 483
3 160 909 479
4 342 1028 167 290 530 511 535
5 848 296 1021 997
6 432 1026 268 1010
7 155 438 889 19 772 133 433 277 211
8 1015 155 909
9 572 253 385 468 477
10 938 963 813
11 440 396 438
12 396 809 756
13 235 438 618 809 939
14 235 438 809 939 748
15 689 477 591 123 742
16 809 438 551 939 325 128
17 1022 438 809 849
18 135 950 460 771 547 810 841 330 86 474
19 819 701 155
20 572 809 438 325
21 494 133 155
22 911 710 552
23 383 438 909 128 939
24 48 650 438 456
25 438 809 551 992
26 503 959 260 528 384
27 664 438 809
28 121 420 267 100 349
29 155 550 632
30 821 54 937
31 972 129 583
32 739 760 239 617 711 51 771
33 939 438 155 276
34 939 645 632 539
35 550 632 594 438 277
36 645 550 939 632 507 123 0
37 660 291 572 606
38 756 396 939
39 412 904 434
40 155 92 120
41 767 155 821
42 898 576 976 416 677 809 438 1002
43 196 111 36 865 556 264 309 204 675 481
44 577 265 180 853
45 301 987 809 748
46 155 276 715
47 650 438 104 48 346 29 566 725 302 993
48 587 726 277 748
49 153 963 276 103 772 133 386 111 813 584 650 809 438
50 814 177 618
51 867 739 453 91
52 785 135 18 307 745
53 934 125 809 992 748
54 727 809 317
55 342 1028 404
56 342 658 167
57 342 530 587 809 438
58 342 530 1028 358
59 342 797 823
60 342 1028 438 809
61 342 256 390 380 530
62 342 167 390 290 530
63 672 587 739 239 135 950 111 312 453 1008 546 815 571 37 837
64 135 771 950 111 547 878 707
65 909 702 175 799
66 155 1015 909 683 902
67 172 438 809 277 316 435 587 612
68 172 809 438 277 316 435 587 612
69 746 128 853 248 939
70 40 552 939 175 912 690
71 66 403 138 839
72 584 362 918 356 902
73 438 809 748 346
74 756 440 272 155 963
75 876 487 704 907 916 209 243 699 438 457 688 324 599 493 32 918 678 427
76 584 918 155 821 683
77 572 622 450
78 584 918 155 821 683
79 587 135 771
80 502 205 113 1006
81 155 693 221 883
82 626 168 259 305 372
83 155 635 89
84 155 809 403 98
85 433 909 909 438 355 646 327
86 650 155 728
87 572 205 553 1029
88 635 407 902
89 243 853 248
90 650 809 839 1015
91 438 809 748 992
92 438 772 418 133 620 293 613
93 155 133 736 771
94 39 438 809 839 748 405 431 277
95 650 155 438 809
96 111 112 37 340 965
97 265 534 980 180 870 742
98 939 128 853 761
99 438 104 578
100 950 135 771
101 442 54 430
102 1023 246 8 344
103 183 428 858 246 558
104 183 428 246 558
105 155 938 736 584 543
106 155 963 458 427
107 939 243 438 742
108 939 759 577
109 438 809 748 992
110 946 641 471 220 314
111 650 155 442 438 809 683 276 551
112 883 389 75
113 285 157 130 214 886
114 155 1015 822 152
115 939 438 809
116 650 572 939 41
117 155 821 143 635
118 183 428 877 858 246 654 217 868 87 649 717 374
119 438 809 551 277
120 572 250 157 890
121 333 283 475
122 938 835 517 315
123 155 133 494
124 939 243 265 438 149 128 180 375
125 939 909 726 175 551 931
126 650 809 897 276 356 83 96 286
127 938 835 84 517 514 578
128 155 438 430
129 155 809 132
130 977 573 229 427 631
131 939 770 884
132 183 428 246 402
133 572 250 890
134 809 926 127
135 456 484 107 388 519 377 521 170 423 858
136 155 438 809 821
137 438 809 357 276 277
138 155 793 1015
139 137 910 889
140 155 359 221 635 515
141 155 614 733 85 63
142 809 366 748 743 134 793 615 118 926 735 295 960 563 588 991 747 383 742 53 218 150 244 254
143 890 815 756
144 111 773 10
145 650 155 551
146 438 748 1004
147 438 809 470 748
148 46 147 947 860
149 243 534 180 853 545
150 155 133 7 494
151 41 809 157
152 205 155 133 772 606 635 680 515
153 432 285 750 52
154 939 438 809 175
155 650 785 815
156 768 97 55
157 939 809 759
158 670 456 155 939 346 809 221 357 772 175 635 139 277 685
159 670 155 809 391 707 779
160 155 427 625
161 155 821 736 635
162 809 104 430
163 285 552 276 703
164 939 243 534 128 29 1005
165 155 442 438 668 19 692 210 342 167 9 767 902
166 213 931 516
167 212 790 327
168 205 606 1029
169 650 909 718 212 362 518
170 155 809 276
171 909 155 693 702 311 355 17 48 665 781 768 878 627 579 660 175 883 948 75 277 729 771
172 939 243 104
173 650 155 552
174 159 572 205 854 711 252 996 229 569 968 22 828
175 572 939 809
176 939 243 322
177 341 438 809 748 325 277 992
178 155 736 635
179 939 438 809
180 572 553 852 146 1029
181 432 276 104 387
182 809 396 284 756
183 155 16 418
184 748 119 104
185 975 463 161
186 155 492 585
187 243 248 742
188 155 939 611 427 329 1025
189 155 243 438 809 849 119
190 119 104 430
191 212 362 71
192 438 809 276
193 155 464 1015 71
194 809 276 802
195 155 560 438 809 748 772 277 76 992
196 909 939 742
197 438 173 430
198 739 618 627 600
199 484 821 92
200 155 560 85 749
201 155 392 515
202 155 646 114 736 1015 162
203 939 438 809 859 552 298 174 1012 914 551 104 657 533 602 565
204 155 564 635
205 650 809 104
206 438 943 748 297
207 111 943 38 104 1031 274
208 861 155 438 793 209 104
209 909 939 243 265 809 470
210 939 438 809 726 551 119 104 430 277 992
211 618 730 470 629 627 600 216
212 553 809 627 93 348 606 104 962 1029
213 520 673 328
214 432 285 750 389 47
215 265 552 706
216 174 175 883 389 28
217 821 772 441 889 59 647 115
218 155 438 551
219 871 653 504
220 155 285 276
221 650 155 939 438 809 551
222 940 802 817
223 572 205 553
224 155 494 85 981
225 155 243 265 438 853 104
226 155 116 836
227 155 809 821
228 155 470 821 844 646 85 736 600
229 821 844 119 104
230 809 785 802 430
231 155 939 809 48 683 157 914 232 338 572
232 950 111 547 135 771
233 939 243 265 180 572
234 909 939 175
235 909 155 757
236 726 128 754
237 650 243 438 572
238 978 37 503
239 155 285 70 796 85 276 345 1007 1025
240 978 674 871
241 155 939 683 698 63 564 1015 635 581 515
242 155 782 963 417 635 345
243 939 438 104
244 456 159 572 205 501 854 484 468 249 237 666 477 31 996 229 273 984 569 24 347 633
245 939 243 265 839 54 180 322 853
246 111 340 135 330
247 155 809 119 277
248 650 939 809 551
249 155 111 646 63
250 650 551 931
251 793 495 910
252 432 155 809 430
253 276 37 910
254 650 768 552
255 572 809 104
256 939 438 809 325 77 277
257 939 809 118
258 155 54 271 40 85 276 1015 392
259 809 978 276
260 155 85 392
261 939 265 980 357
262 438 809 978 37
263 155 357 978 85
264 155 683 70 552
265 939 243 978 630 44 895
266 552 180 759 853 676
267 94 413 671 542 202
268 650 39 341 205 939 243 677 618 809 963 149 748 726 58 128 357 713 978 667 567 362 316 276 37 135 551 873 435 331 991 990 125 838 431 612 905
269 791 880 722
270 809 802 232 26
271 939 206 684 175
272 939 438 809 175
273 809 373 232
274 237 666 31 229 900
275 650 939 438 809
276 205 909 939 111 809 175
277 155 199 111 909 614 698 600 635 104 430 500
278 155 133 494
279 650 915 155 939 809 683 54 552 883 635 597
280 809 883 1015
281 155 716 223
282 438 104 430 369
283 677 951 646 515
284 650 155 939 438 809
285 155 438 610 809 733
286 438 610 748 245 276
287 155 438 458
288 939 128 853 761
289 155 646 772 306
290 702 219 175
291 702 219 175
292 702 219 175
293 106 809 926
294 155 133 494
295 740 438 785 276 600
296 438 943 809 496 450
297 739 618 470 791 951 796 849 276 600 135 771
298 155 839 821 284
299 650 438 931
300 572 899 148 241 450 774
301 809 221 646
302 155 438 809 548
303 155 809 367 605
304 205 606 1029 270
305 863 506 766 941
306 39 1017 593
307 257 716 80
308 155 438 809 992
309 155 116 135 589
310 39 178 575 792 586
311 155 809 551
312 456 155 438 785 1015
313 943 978 136 619 1001
314 939 111 149 698 210 778 9 998 742
315 939 243 630
316 155 337 712
317 505 982 438 809
318 939 128 449 430 375
319 650 39 133 438 26
320 939 809 77
321 593 985 162
322 155 939 438
323 670 438 809 758 475
324 572 939 645 595 396 756
325 853 540 324
326 796 815 324
327 180 792 324
328 920 695 910
329 909 438 681 1003
330 650 155 939 809
331 785 544 978 815 907 37 27 445 503
332 155 438 809
333 155 221 643
334 650 155 939 859 221 584 635 892 685 680
335 809 551 783
336 155 809 104
337 915 243 438 809 266 648 393 175 276 894 417 1015 2 236 846 874
338 572 155 939 438 809 748 175 276 716 230
339 939 41 839 157 579
340 939 630 756
341 111 943 809 136
342 438 943 7 978 815 136 962
343 438 978 815 503
344 155 285 683 564 635 465
345 863 506 766
346 169 748 357
347 155 221 736
348 797 243 265 552 180 339 322 792 104
349 748 593 276
350 572 899 1014 385 146 255
351 155 683 276
352 650 39 939 618 48 791 627 660 880
353 501 809 748 430 277
354 155 693 464 963 768 72
355 939 438 798 104 522 966
356 650 939 731 275 149 857 298 601 79 551 375
357 650 939 731 275 149 360 857 298 79 551 247 375 141
358 939 809 195
359 155 48 221 85
360 155 182 983 795
361 438 303 809 743 118 536 276 735 882
362 650 939 809
363 978 37 775
364 155 809 85 417 635 345
365 205 155 939 809 859 839 1003 430
366 438 276 882 197
367 438 276 882
368 809 963 276
369 438 809 276
370 438 809 276 551
371 650 341 939 809 325
372 650 155 438 809 357 894
373 432 394 750 52 621 387 389 47
374 861 915 155 793 209 104
375 520 673 328
376 939 243 853
377 39 155 809 816 449
378 155 646 276
379 650 155 552
380 821 646 504
381 433 133 554 424 688 917 277
382 419 809 758 927
383 438 809 748 750
384 433 909 438 809 726 660
385 650 939 909 498
386 650 909 41
387 155 909 607
388 809 54 825
389 572 438 104
390 155 494 417 1006
391 939 756 523
392 782 963 978 1015
393 155 939 133 494
394 939 438 809
395 155 85 736 635
396 821 351 59
397 371 11 486 443 192 57
398 909 438 809
399 650 155 683
400 155 899 646
401 505 956 175 55
402 572 809 859 200 598
403 155 438 591
404 963 716 223
405 438 427 653 504
406 433 438 859 748 955 188 277
407 155 1015 635 465
408 155 144 63 635
409 155 465 508
410 155 494 1018 417
411 128 802 74
412 155 768 940 1015 392
413 432 155 809
414 155 821 750
415 7 921 967
416 155 7 963 967 458
417 438 128 908 754 104 430
418 939 438 809 681 213 369
419 572 174 815 802 430
420 650 433 702 438 878 772 175 885
421 155 809 844
422 243 265 809 853 104 430
423 809 978 37 635
424 809 468 926
425 939 357 77
426 809 844 357 815 37
427 665 93 978
428 650 155 939 809 276
429 899 494 1014 852
430 438 978 37
431 646 978 37
432 438 809 978 37
433 978 37 802
434 978 37 802
435 646 978 37
436 438 809 978 37
437 809 978 37
438 438 978 37
439 438 809 978 37
440 438 809 978 37
441 155 809 785 978 37 555
442 438 809 978 37
443 739 618 627 600 771
444 438 646 104
445 646 978 37
446 978 37 802
447 883 389 75
448 883 389 75 485
449 438 809 978 37
450 438 809 978 37 802
451 438 646 978
452 646 978 37
453 438 809 978 37
454 438 978 37
455 646 978 37
456 438 809 978 37
457 438 809 978 37
458 438 809 978 37
459 646 978 37
460 438 809 978 37
461 438 809 978 37
462 646 978 37
463 650 939 809 748 901 276 885 882 600 551 104
464 839 54 821
465 155 821 277
466 950 978 37
467 950 978 37
468 438 646 978
469 438 978 37
470 243 285 362
471 155 85 63
472 572 739 922 591
473 155 646 978
474 572 939 111 438 943 809 785 510 304
475 809 138 1019
476 572 438 632
477 155 809 844 646
478 963 978 83
479 809 391 978 37
480 438 809 357 926 525 127 104
481 205 146 449
482 978 37 233
483 54 645 756
484 650 432 243 620 809 155 74 716 1015 737
485 650 456 155 438 809 48 683 298 276 551 532
486 939 265 128
487 155 2 263
488 155 133 635 430
489 572 205 939 553 30 490 852 784 741 855 385
490 909 939 881
491 155 438 952 104
492 572 243 133 438 770 980 115 772 849 278 706 632 568 430 990
493 839 138 224 219 938 176 462
494 155 977 438
495 650 572 205 909 155 939 243 41 438 153 963 768 994 552 468 175 72 1020 146
496 433 155 133 48 221 646 164 772 85 736 63 392 635
497 939 243 346 706 269
498 650 155 438 5
499 899 1014 591
500 243 579 632 591
501 825 628 719 529 395 549 789 986 537 156 491
502 650 341 243 809 726 128 118 772 276 551 444 990
503 432 915 7 921 157 688
504 939 438 809 54 645 536 396 756
505 943 809 551
506 572 419 939 438 686 591
507 155 99 635
508 939 375 149 128 572
509 768 351 661
510 650 341 939 243 809 366 149 726 325 118 276 735 282 960 873 532 747
511 809 88 646
512 677 698 646
513 650 572 205 155 939 243 553 438 17 758 963 437 149 748 157 128 987 308 645 509 325 834 175 322 276 557 969 417 632 551
514 636 554 411
515 939 809 298 628 1012 657 105
516 684 157 175
517 432 748 750 52 621
518 155 646 772 276
519 797 572 243 339 66 853
520 650 939 731 111 438 48 360
521 809 357 467
522 809 342 604
523 243 856 761
524 939 438 809 768 413 698 357
525 909 702 310 175 317 533
526 155 438 104
527 950 106 791 135
528 553 852 175
529 155 85 276
530 155 464 438 104 430
531 391 646 175 351 590
532 939 133 352 413 698
533 650 155 133 438 859
534 438 772 49
535 357 830 276 342
536 909 155 683 635
537 650 46 262 438 401 809 930 994 987 890 893 298 118 926 421 175 1 236 679 652
538 155 768 733
539 155 943 809 62
540 650 117 809 970 250 660 890
541 155 939 149
542 341 909 982 408 893 175
543 572 646 351
544 155 85 145 154
545 243 809 748 627 276 885 600 119 104 232
546 489 978 42
547 433 939 438 772 175
548 572 133 758 153 698 115 772 1003
549 341 155 758 750 645 325 574 85 790 582
550 378 616 573
551 650 438 809 149 796 276 551
552 155 939 133 494 772 417
553 155 809 639 430
554 155 81 494 512
555 650 438 468
556 155 698 564 635
557 155 939 809 54 552 362 635 104 430
558 915 155 963 716 102 365
559 939 438 809 726 645 536 276 882 919 551 532
560 155 883 1003
561 205 852 855
562 155 438 809
563 551 687 942 532 623
564 155 111 844 736 63
565 155 438 698 635 104
566 839 54 158
567 809 978 37
568 133 909 438 809 859 153 748 726 115 700 646 850 772 856 184 885 761 525 430
569 551 687 942 532 623
570 155 54 635
571 205 155 909 438 809 54 157 498 591
572 909 155 437
573 155 821 844 772 104 430
574 618 438 809 748 627 600
575 939 243 832
576 155 285 2 635 104
577 155 470 821 359 772 849 1003 635 430
578 939 243 128
579 155 133 963
580 978 448 276
581 133 346 660 890 772 591 104
582 650 939 265 138 974 357 175 1024
583 978 815 37
584 939 265 438 809 884
585 909 939 772 1003 351
586 205 739 996
587 939 111 438 149 798
588 939 809 149 497
589 155 560 961
590 155 560 961
591 155 560 961
592 155 560 961
593 978 370 97
594 809 920 397
595 243 978 856 761
596 155 7 494 769
597 939 243 646
598 909 982 408 748 987
599 438 809 748 987 552
600 572 809 890 104
601 809 552 175
602 939 243 632 884
603 1027 646 831
604 809 978 37
605 718 978 37
606 939 243 805
607 155 939 133 106 359 276 37 417 1015 635
608 144 978 37 503
609 650 939 464 438 943 809 963 362 938
610 552 940 61 392
611 939 357 77
612 650 572 155 939 243 809 734
613 456 205 438 809 821
614 438 809 978
615 650 939 809 157 552
616 438 943 809 698
617 155 821 63
618 572 909 413 936
619 111 438 943
620 939 243 596
621 909 155 953
622 797 265 339 853
623 693 85 63
624 205 852 468 201 591
625 155 111 438 943 221 62
626 909 982 225 408 821 441 891
627 572 205 939 243 265
628 155 438 809
629 155 438 809
630 39 155 809 1003
631 155 438 809 812 957 364 276 882
632 939 243 438 357
633 456 572 433 772
634 650 155 939 438 683 552
635 419 111 943 809 136
636 650 155 939 809
637 199 940 392
638 593 883 769
639 243 265 438 809 632
640 572 899 1014
641 592 899 698 847 69 802
642 572 809 157
643 650 155 939 809 963 437 552 276 882
644 650 939 611 809 963 437 552 276 882
645 650 939 809 963 437 221 552 276 882
646 432 155 782 437
647 155 212 362
648 155 812 276
649 809 642 209
650 786 111 438 809 994 357 830
651 205 433 553
652 915 155 909 212
653 155 683 359 115 351
654 438 809 994 276
655 915 155 809 683 963 971 221 276 882
656 650 572 939 809
657 205 185 136 572 109
658 432 909 750
659 650 909 939 175
660 939 438 903
661 809 298 628
662 806 978 815 802
663 489 809 298 628 1012 794 802
664 650 133 772 175 591
665 677 809 646 472
666 650 155 133 683 403 85
667 155 809 276
668 155 438 809
669 939 438 346 809
670 432 311 153 413
671 650 155 939 809
672 650 205 939 438 809 298
673 650 155 199 438 809 559 901 298 885
674 155 464 718 221
675 155 560 909 821 698 175 736
676 650 155 939 438 809 758 488 748 559 901 360 298 628 276 142
677 572 433 155 133 951 385 772
678 785 995 772
679 650 939 438 809 963 901 869 276 1003 458
680 438 809 821 357
681 650 572 939 909 54 138 69
682 433 155 560 413 772
683 909 809 758 175
684 809 955 926
685 702 909 809 552 175
686 155 438 809 963 276
687 650 155 909 438 357
688 155 212 607
689 155 772 515
690 155 438 698
691 155 809 276
692 155 7 300
693 861 155 637 957
694 456 155 111 346 943 182 136 186
695 205 468 591
696 155 739 718
697 702 973 175 883 807
698 155 560 70
699 572 909 698
700 438 809 758 698 325 453
701 155 939 133 494
702 909 155 438 809 698 276
703 572 155 285 839 698 646 130
704 243 265 212
705 438 733 174 825 772
706 155 359 221 883 836
707 999 198 978
708 618 646 978
709 456 468 186
710 451 939 243
711 456 438 809 357
712 572 939 438
713 243 853 632
714 155 442 285 909 611 438 809 683 153 437 768 821 359 844 221 957 849 85 885 63 564
715 821 751 552 596
716 243 853 632
717 650 731 438 48 360
718 650 438 809
719 205 438 346 809 494 772
720 909 809 157 752 583
721 155 939 438
722 155 782 346 809 164
723 939 243 943 907 632
724 155 809 821 698
725 939 243 646
726 155 560 438 698
727 572 939 770 413
728 572 751 157
729 438 809 357
730 809 357 708
731 650 909 939 809
732 155 442 256
733 155 809 157
734 155 939 809 726
735 155 212 130 85 883 562 63
736 7 809 921 473
737 243 821 180
738 155 560 346 221
739 650 341 939 243 438 809 748 207 452
740 572 809 212
741 650 155 939 809 359 85 276
742 935 646 238
743 650 939 809 366 768 149 131 1030 298 628 794
744 155 276 882
745 909 809 238
746 650 438 48 627 646
747 809 821 646
748 909 809 768 698 646
749 809 698 646 98
750 155 809 352 297 357 957
751 155 939 494
752 709 38 809
753 809 54 821 552 175
754 915 155 939
755 939 311 438 809 157 645 787 646
756 155 438 809 821 359
757 341 809 787 298 628
758 155 352 793
759 155 111 809
760 111 909 809
761 861 155 438 809 963
762 155 243 809 770 357 276
763 155 133 909
764 155 243 285 180 907
765 650 155 48 221
766 650 670 572 155 939 243 111 133 438 943 733 772 85 62
767 650 861 909 155 702 939 977 285 438 963 437 469 552
768 799 982 408
769 646 978 37
770 650 572 155 939 133 809 494 54 772
771 939 311 265 438 809 770 787 339 759 907
772 650 341 909 939 111 133 438 943 332 809 48 758 240 901 772
773 572 205 739
774 155 809 830
775 939 800 243 17 73
776 915 155 782 620 963 684 655 245 319
777 939 243 85 907 749
778 155 285 133 438 923 85 1003
779 155 464 776 982 408 768 207 446 880
780 650 155 702 346
781 155 909 809 645 175
782 650 155 133 221 772 85
783 438 809 748
784 939 243 265 646 706
785 111 943 821 669
786 155 82 963
787 39 709 950
788 243 265 980
789 650 915 155 954 243 442 285 620 438 809 422 552 65 174 749
790 650 572 341 702 939 311 809 758 698 157 175
791 155 221 883
792 809 844 829
793 650 572 157
794 650 572 157
795 650 572 157
796 677 976 618 978
797 438 809 978
798 155 809 963 821
799 155 683 413 844 646
800 155 782 809 552
801 809 357 1019
802 809 413 646
803 205 939 552
804 54 821 175
805 341 438 809 758 357
806 650 909 155 464 133 41 683 115 552 212
807 677 646 472
808 650 155 285 624
809 909 939 243 199 909 438 106 698 706
810 155 285 133 346 106 839 748 646 772 472
811 809 698 926 127 104
812 650 456 709 243 809 758 287 748 559 901 627 764 128 812 787 276
813 243 809 787 298 955
814 650 429 909 155 939 809 48 149 821 12 698 787 298 85
815 155 85 175
816 155 809 90
817 155 733 221
818 572 943 175
819 155 438 963 221
820 155 909 359 413 844 221
821 155 285 381
822 650 670 39 702 262 939 243 13 924 909 438 809 758 149 287 488 748 901 994 452 294 567 772 175 527
823 442 733 626 772 454
824 909 157 175
825 199 181 827
826 155 144 406 683
827 702 939 758
828 572 155 939 909 859 221
829 809 357 890
830 432 155 438 748
831 155 626 840
832 859 698 830 879
833 572 205 155
834 155 809 646
835 205 909 155 693 225 115 175
836 285 809 683
837 702 939 809 773
838 243 180 398
839 155 646 85
840 155 669 749
841 909 982 225
842 438 809 901 298
843 438 809 901 298
844 803 438 488 480 748 901 452
845 572 979 899 852
846 155 939 311 698
847 650 809 298 21
848 677 646 669
849 765 773 203 168 724 259
850 572 155 939 243
851 915 155 939 285 809 683 437 552 929 85
852 572 205 899
853 650 809 646
854 155 285 620 683 552
855 797 341 939
856 155 592 809 359 646
857 939 770 175
858 650 155 243 285 111 133 809 452 772
859 939 243 357
860 155 809 175
861 155 809 768 357
862 650 456 155 939 943
863 650 155 809
864 159 572 205 501 739 854 346 484
865 650 341 939 809 758 645
866 433 155 326 693 560 677 608 133 809 408 359 221 115 174 772 883 836
867 433 155 683 552
868 572 205 939 809 157
869 155 698 957 587
870 939 909 809 54
871 572 939 243 438 980 762
872 155 285 620 359 646 381
873 111 943 859 821 844 157 552
874 650 155 438 809 683 698 221 957 646
875 939 243 199 646
876 650 341 939 640 570
877 650 432 155 54
878 155 733 454
879 620 738 883
880 650 155 939 733
881 650 429 939 464 809 758 574
882 909 702 939 41 175
883 650 456 782
884 155 406 221 228
885 809 768 821 298 955
886 572 909 133 821 279 698 645
887 205 155 346
888 433 909 702 133 809 758 842 987
889 572 939 899 1014 513 69 603
890 572 155 702 939 243 311 809 772
891 155 859 221
892 572 205 645
893 155 939 243 265
894 155 939 698
895 39 433 155 939 133
896 572 553 7 436 696
897 155 939 909 683 552
898 155 285 809
899 650 638 782 683 780
900 572 909 939 243 265 438 425 339 66
901 155 285 111 353 847
902 650 155 939 359 413 698 221 772 85
903 155 782 620
904 650 429 572 809 151
905 693 464 809
906 650 809 212
907 155 182 963
908 157 752 925
909 809 844 646
910 939 839 149 54 901 321 552
911 773 168 259 403
912 650 155 939 234
913 739 303 821 844 646
914 155 560 106
915 133 153 844
916 939 950 48 791 261 906 461 561 95 566 547 135 122
917 650 155 939 6
918 199 809 298 414
919 939 505 909 768
920 155 693 939 243 54 552 646 772
921 939 809 773 694
922 650 572 939 744 438 750
923 243 980 66
924 155 359 733
925 809 646 194
926 809 844 646
927 205 899 1014
928 944 357 399 609 843 228 318 777 299 644 335 871
929 650 155 939 803 809
930 650 341 939 243 438 809 758
931 670 809 726 298
932 809 499 298
933 155 939 243 149 770
934 572 205 809 879
935 155 285 611
936 341 809 847 1030
937 650 155 939 824 683
938 456 199 179 438 1016 833 413 698
939 39 755 809 468
940 650 341 809 138 552
941 861 155 812 989
942 385 403 759 526
943 155 326 693
944 650 809 298
945 650 939 733
946 572 205 979 111 346 272 494 852 784
947 572 133 153 221
948 464 592 809 844
949 155 494 821
950 456 489 332
951 155 809 698
952 650 429 341 909 939 438 758
953 572 433 909 155 702 505 133 909 60 932 852 359 646
954 155 442 611 809 698 158
955 155 199 48 698
956 243 809 700
957 155 326 442 281
958 650 939 54
959 416 677 438 809 579
960 650 155 939 243 180
961 618 106 791
962 650 111 438 901
963 155 939 683
964 650 429 572 341 155 702 939 505 909 438 610 809 859 242 14 149 994 656 308 552
965 909 155 859 221
966 650 861 915 155 939 464 439 285 133 426 48 683 963 494 149 821 359 780 115 957 552
967 650 155 618 909 438 809 665 437
968 155 442 412 158
969 341 809 758 726 157 473
970 650 243 964
971 572 939 980 157
972 155 464 782 963 494
973 155 438 809 753
974 438 809 753
975 159 501 854 438 809 252
976 155 346 698
977 650 429 915 909 702 939 67 994 168 893 694
978 650 731 820 355 659 541 48 360 857
979 155 821 698 646
980 242 361 12
981 155 326 637
982 797 124 800 165 801 438 17 478 809 758 781 222 242 108 149 888 181 34 56 1016 994 12 656 321 851
983 909 225 157
984 155 165 438 287 480 559 901
985 341 909 155 4 758 325
986 939 438 980 579 321
987 243 438 922 321
988 205 943 852
989 650 572 939 243 111 943 320 45 764 691 700
990 650 155 285 552
991 939 171 627 93
992 650 155 438
993 155 326 909 698 221
994 155 560 909
995 939 303 821 646
996 650 809 994 157 893
997 320 980 762
998 650 311 909 552
999 205 199 698
1000 650 205 809 839 138 847 552 207 403 772 175 879
1001 939 243 980 764 157
1002 155 251 683 221 552
1003 939 909 153
1004 909 939 346 859
1005 650 39 124 939 731 820 950 924 193 438 226 659 48 275 149 261 208 888 488 126 559 140 1016 764 994 360 857 812 656
1006 155 285 683
1007 650 861 572 915 702 939 243 265 809 971 579 321 552 180 322
1008 572 205 943
1009 341 702 505 909
1010 650 731 199 438
1011 839 821 772 872 379 313
1012 419 111 438 943 809 559 116
1013 572 205 821
1014 155 939 683 153
1015 650 243 157
1016 572 346 531
1017 572 205 939 272
1018 572 155 899 859 686
1019 650 438 559 901 833 360
1020 155 939 133
1021 155 303 627
1022 155 693 683
1023 650 155 620 859
1024 155 809 945
1025 909 592 111 809 153
1026 155 693 939 285 683 437
1027 650 592 809
1028 650 155 326 939 191 909 637
1029 155 464 780
1030 909 768 413 646
1031 326 442 733
1032 650 939 292 757 54
1033 155 464 438
1034 572 939 770
1035 650 809 88
1036 650 909 809
1037 650 809 812
1038 650 320 258
1039 650 320 258
1040 456 205 346 484 107
1041 155 285 359
1042 939 311 346
1043 939 243 436
1044 650 572 39 341 262 939 243 438 809 48 758 963 726 994
1045 155 326 693 368
1046 159 501 107
1047 572 939 243 980
1048 1013 739 677 740 618 634 791 951 629
1049 939 243 770 980
1050 650 939 770
1051 341 455 809 758
1052 702 939 909
1053 572 205 909 939 899
1054 650 155 939 464 620 683 768 552
1055 78 739 845
1056 650 702 939
1057 155 111 438
1058 456 159 501 252
1059 939 17 768
1060 572 205 155
1061 650 341 939 243 553 809 758 366 126
1062 650 155 875
1063 155 285 17 637
1064 939 242 149 56
1065 915 155 437
1066 915 155 437
1067 332 809 726
1068 650 341 205 939 243 809 3 748 360
1069 650 341 939 809 3 748 360
1070 155 809 780
1071 638 809 126
1072 939 243 320 48
1073 693 464 782
1074 205 909 702 939 592 311 973 20 943
1075 429 155 408
1076 809 3 126 726 994
1077 939 243 320 48
1078 650 341 205 939 243 438 809 3 748 901 360
1079 861 809 780
1080 797 155 859
1081 155 285 611 683
1082 650 155 438 809
1083 650 341 438 809 758 748 994
1084 650 155 438
1085 693 464 782 110 648
1086 429 341 243 809
1087 155 939 133 909
1088 650 429 909 702 686
1089 155 963 932
1090 702 939 17 14
1091 909 702 41
1092 572 205 553
1093 650 693 702 939
1094 650 429 939
1095 650 419 939 811 243 111 909 943
1096 909 939 311 366 131
1097 861 341 939 243 7 809 758 748 788 726 994
1098 650 155 693 939
1099 572 939 320 980
1100 809 3 126
1101 155 939 821
1102 650 939 243
1103 572 970 250
1104 977 718 466
1105 155 285 859
1106 572 205 553
1107 650 572 341 155 939 809
1108 650 915 909 702 939 243 311 539 980
1109 572 205 490
1110 155 464 854 7 773
1111 915 205 939 721 1011 943 320 859
1112 205 155 939
1113 702 939 809
1114 650 438 809 901
1115 740 538 896 826
1116 572 205 553
1117 809 261 126
1118 205 702 677 618 101 106 809 470 791
1119 650 438 809 945
1120 199 438 181 480 901
1121 909 702 133 33 899 4 153 932 901 818
1122 670 199 821
1123 670 429 341 909 982 809 225 98
1124 572 958 939 401
1125 572 155 494
1126 650 861 341 939 243 809 758 748 788
1127 429 341 928
1128 572 205 490
1129 650 861 702 346 292
1130 155 285 943 970
1131 205 155 438
1132 939 41 943 758
1133 809 67 6
1134 939 909 320
1135 572 341 343 758
1136 650 429 939 243 153
1137 909 155 939
1138 650 670 341 939 41 758
1139 155 755 913
1140 572 979 553 272 852
1141 438 43 15
1142 401 43 15
1143 39 155 803 438 809 821
1144 939 243 265
1145 714 943 288
1146 572 205 505 133 346 899 852
1147 572 155 939
1148 155 451 285
1149 159 155 501 854
1150 650 939 800 438 17
1151 650 702 939 800 311
1152 572 979 553 272 662
1153 155 618 133
1154 341 343 215 272 758
1155 650 572 155 939 415
1156 155 285 821
1157 155 326 111 943 334
1158 155 464 720
1159 185 489 111 943 806
1160 205 909 41
1161 429 341 909 702
1162 155 809 859
1163 572 205 939 438
1164 909 155 111
1165 155 285 382
1166 909 859 698 164
1167 155 939 954 464 782
1168 326 363 234
1169 326 13 862 234
1170 326 13 862 171 476 234
1171 326 693 285
1172 155 939 133
1173 155 909 153
1174 572 438 899 1014
1175 572 205 702 909
1176 243 199 438
1177 650 155 693 451 977 285 620 45
1178 572 205 553
1179 650 670 560 939 614
1180 155 939 133
1181 285 111 611 943 952
1182 572 133 943 153
1183 155 939 153
1184 650 155 106
1185 155 326 683
1186 861 155 954 285
1187 572 539 459
1188 155 438 864
1189 650 572 205 939
1190 650 939 800 311 17 242 14
1191 155 618 382 614
1192 650 909 702 939 311
1193 326 285 988
1194 572 205 979 852
1195 650 572 341 205 909 702 939 505 272 758
1196 650 572 702 592
1197 650 939 311 242
1198 650 429 915 155 326 693 939 638 782 1009 977 285 41 437
1199 650 326 285
1200 433 155 81 133
1201 243 980 413
1202 670 429 341 859
1203 861 915 954 41
1204 572 786 346
1205 650 155 285 683
1206 909 683 153
1207 155 939 909 478
1208 650 429 572 205 155 939 524
1209 572 909 155 133 909 438
1210 326 438 7
1211 650 693 782
1212 155 909 859
1213 280 199 943
1214 429 939 311
1215 155 782 618 438 346 484
1216 650 797 155
1217 939 801 478 14
1218 650 155 326 693
1219 650 155 939
1220 336 341 663 215 758
1221 429 702 939
1222 155 614 400
1223 954 638 285 7 963
1224 702 909 157
1225 650 429 939 243
1226 650 572 39 909 702 939 618
1227 650 155 697
1228 650 915 155 326 939 782 683 963
1229 650 433 155 1009 820 111 909 1000 41 4 215 610 48
1230 155 939 17
1231 155 346 7
1232 650 163 614
1233 155 809 945
1234 650 572 939
1235 419 382 614
1236 572 205 939 272
1237 155 111 346
1238 155 939 755 81 346
1239 341 343 933
1240 341 343 809
1241 155 285 256 683
1242 650 438 809
1243 797 155 326 285
1244 572 205 490
1245 650 939 1009
1246 650 155 939 144 464 285 133
1247 199 303 106
1248 650 939 478 859
1249 205 155 1002
1250 572 155 939 782
1251 155 755 199
1252 650 429 572 341 205 939
1253 155 243 180
1254 159 155 144 638 854
1255 155 939 464
1256 205 199 943
1257 650 155 939
1258 650 429 341
1259 650 693 939 464 620 38 45
1260 155 111 346
1261 650 572 205 155 939 111 41 438 153 698 552
1262 572 205 155
1263 901 64 321
1264 650 1000 48
1265 650 572 939 243 265
1266 702 505 909 157
1267 572 199 401
1268 650 155 693 346
1269 650 861 332
1270 572 205 155 705
1271 155 82 412
1272 650 939 800 311 943
1273 572 939 101
1274 650 939 731 950 193 438 68 48 366 791 261
1275 572 341 909
1276 650 155 438
1277 155 954 864
1278 693 638 285
1279 650 155 939 133 859 683
1280 670 429 909 958 702 419 732 289 354 311 608 133 899 401 35 580 272
1281 670 429 909 958 702 419 732 289 354 608 133 899 401 35 580
1282 650 572 939
1283 650 915 693
1284 572 205 979 553
1285 797 909 702 592
1286 155 285 81 866 346 484
1287 572 155 438
1288 650 429 939
1289 205 909 155
1290 650 939 215
1291 650 155 323 820
1292 572 702 939
1293 155 909 438
1294 572 939 101
1295 909 702 505
1296 1002 111 179
1297 155 133 909
1298 909 155 144
1299 39 433 909 165 133
1300 572 693 243 311
1301 155 464 720
1302 155 464 720
1303 341 909 702 505 225
1304 155 409 326 416 832
1305 572 419 732
1306 155 464 60
1307 429 572 341 205 979 939 800 289 608 862 346 899
1308 155 464 782
1309 155 560 939
1310 155 346 7
1311 861 155 954 285
1312 155 464 782
1313 416 677 976 576
1314 155 866 438
1315 650 670 797 429 341 205 433 909 155 702 939 1002 416 111 133
1316 650 280 199
1317 909 702 982
1318 650 915 412
1319 702 979 311
1320 670 199 187
1321 939 800 478
1322 447 199 482
1323 280 199 943
1324 456 572 205 111 763 231
1325 155 438 901 825 50
1326 650 155 939 464 803
1327 155 464 81
1328 702 800 592 311 820 973 41 943 17 23 206 272
1329 155 909 45
1330 155 133 909
1331 572 438 899 809 1014 852
1332 650 155 285
1333 650 155 939
1334 456 159 341 205 501 854 740 133 896
1335 155 326 464 7
1336 650 155 285
1337 939 539 199
1338 979 333 505
1339 702 811 800 782 311 215
1340 572 205 155
1341 939 800 801
1342 456 155 560 939 133 909 346 227 478 189 859 153 437 1014
1343 650 861 341 155
1344 572 702 939 311
1345 650 572 915 155 81 821 971
1346 447 199 206
1347 572 205 979 553
1348 341 909 702 800 311 973 166
1349 650 572 939 243
1350 650 432 429 572 341 205 732 939 638 311
1351 243 539 350
1352 650 861 155 451 782
1353 650 429 572 939 800 311
1354 205 618 346
1355 650 155 939
1356 155 199 909
1357 572 155 464
1358 650 155 702
1359 572 205 553
1360 650 341 376
1361 650 861 693
1362 650 155 199
1363 155 326 693
1364 650 155 285
1365 155 326 693
1366 650 341 608
1367 572 205 155 451
1368 650 155 832
1369 650 693 939 1009
1370 155 464 782
1371 155 464 782
1372 572 909 155 133
1373 155 693 651
1374 650 333 311 1000 193
1375 861 915 702 954 333
1376 650 155 285
1377 693 464 782
1378 861 333 410 618
1379 650 429 572 243 949
1380 572 155 464
1381 861 693 702 638
1382 915 333 464
1383 429 909 702 723 166
1384 650 429 572 939 243 651 265
1385 650 429 572 341 205 909 702 455 887
1386 155 464 862
1387 429 909 702 723
1388 650 909 155 451
1389 650 433 155 464 285
1390 650 861 326 702 638 782 973
1391 650 341 820
1392 650 341 326 190 464 505
1393 155 560 464
1394 650 915 155
1395 572 39 155 693
1396 155 144 638
1397 915 693 447 280 618
1398 650 155 560 439
1399 650 429 341 702 592
1400 650 429 709
1401 650 456 572 341 155 560 464 439 285
1402 159 155 501 854
1403 650 341 939
1404 46 429 341 909 702 663 887
1405 650 670 797 155 702
1406 650 155 939
1407 572 320 686 770
1408 650 124 731
1409 155 693 560 439
1410 572 205 702
1411 909 702 799
1412 572 419 553
1413 572 155 651
1414 159 155 464
1415 205 155 464
1416 650 572 341 909 702
1417 693 638 782
1418 155 693 464
1419 650 341 155 419 638
1420 155 326 693 25 611
1421 650 861 572 341
1422 650 572 341
