0 963 155 1015 798
1 155 442
2 804 808 868 428 246 682
3 160 479
4 342 1028 167 290 530 535
5 848 296 997
6 432 1026 1010
7 155 438 19 772 133 433 277 211
8 155 909
9 572 253 468 477
10 963 813
11 396 438
12 396 809
13 235 438 618 939
14 235 438 939 748
15 689 477 123 742
16 809 438 551 939 325
17 1022 809 849
18 135 950 460 547 810 841 330 86 474
19 701 155
20 809 438 325
21 494 155
22 710 552
23 383 438 909 939
24 48 438 456
25 438 809 992
26 503 260 528 384
27 664 809
28 121 420 100 349
29 550 632
30 54 937
31 972 129
32 739 760 617 711 51 771
33 939 155 276
34 645 632 539
35 550 594 438 277
36 645 939 632 507 123 0
37 291 572 606
38 756 396
39 412 904
40 155 92
41 767 155
42 898 576 976 416 677 809 1002
43 196 111 36 865 556 264 309 675 481
44 577 265 853
45 987 809 748
46 155 715
47 650 438 104 346 29 566 725 302 993
48 587 277 748
49 153 963 276 103 772 386 111 813 584 650 809 438
50 814 618
51 739 453 91
52 785 135 18 745
53 934 809 992 748
54 809 317
55 342 1028
56 342 658
57 342 530 587 438
58 342 530 358
59 342 823
60 342 438 809
61 342 256 390 380
62 342 167 390 530
63 672 587 739 239 135 950 111 312 1008 546 815 571 37 837
64 135 771 950 111 547 878
65 909 702 799
66 155 1015 683 902
67 172 438 809 277 435 587 612
68 809 438 277 316 435 587 612
69 128 853 248 939
70 40 552 175 912 690
71 66 403 138
72 584 362 918 902
73 438 809 346
74 756 440 272 963
75 876 487 704 907 916 209 243 699 438 457 688 324 599 493 32 918 427
76 584 918 155 683
77 622 450
78 584 918 155 821
79 135 771
80 502 205 1006
81 155 693 221
82 626 168 259 305
83 155 635
84 155 809 98
85 909 909 438 355 646 327
86 650 155
87 572 205 1029
88 635 902
89 853 248
90 650 809 839
91 809 748 992
92 438 418 133 620 293 613
93 155 133 771
94 39 438 809 839 405 431 277
95 650 155 809
96 111 112 340 965
97 265 534 980 180 742
98 939 853 761
99 438 578
100 950 771
101 442 430
102 1023 246 8
103 183 428 246 558
104 428 246 558
105 155 938 736 543
106 155 458 427
107 939 438 742
108 759 577
109 438 809 748
110 946 641 471 314
111 650 155 442 809 683 276 551
112 883 75
113 285 157 214 886
114 155 1015 822
115 438 809
116 650 572 939
117 155 821 635
118 183 877 858 246 654 217 868 87 649 717 374
119 809 551 277
120 572 250 890
121 333 283
122 835 517 315
123 155 494
124 243 265 438 149 128 180 375
125 939 909 726 175 551
126 650 809 897 276 356 83 286
127 938 835 84 517 578
128 438 430
129 809 132
130 977 573 427 631
131 939 770
132 183 246 402
133 572 890
134 809 127
135 456 484 107 388 519 377 521 170 423
136 155 809 821
137 438 809 276 277
138 155 1015
139 137 889
140 155 359 635 515
141 155 614 733 63
142 366 748 743 134 793 615 926 735 295 960 563 588 991 747 383 742 53 218 150 244 254
143 815 756
144 111 773
145 650 155
146 438 748
147 438 470 748
148 46 147 947
149 243 180 853 545
150 133 7 494
151 41 157
152 205 155 133 606 635 680 515
153 432 285 52
154 939 809 175
155 785 815
156 768 55
157 939 759
158 670 456 155 939 346 809 221 357 772 175 635 277 685
159 155 809 391 707 779
160 155 625
161 821 736 635
162 809 430
163 285 552 703
164 939 243 534 128 29
165 155 442 668 19 692 210 342 167 9 767 902
166 931 516
167 212 327
168 205 1029
169 650 718 212 362 518
170 155 809
171 909 155 693 702 311 355 17 48 665 781 768 579 660 175 883 948 75 277 729 771
172 939 104
173 155 552
174 572 205 854 711 252 996 229 569 968 22 828
175 939 809
176 939 322
177 438 809 748 325 277 992
178 155 635
179 939 809
180 572 553 146 1029
181 276 104 387
182 809 396 756
183 16 418
184 748 104
185 975 463
186 492 585
187 243 248
188 155 939 611 427 1025
189 155 438 809 849 119
190 104 430
191 362 71
192 438 809
193 155 464 1015
194 809 802
195 155 438 809 748 772 277 76 992
196 909 939
197 173 430
198 618 627 600
199 484 92
200 560 85 749
201 155 392
202 155 646 114 736 1015
203 438 809 859 552 298 174 1012 914 551 104 657 533 602 565
204 155 564
205 650 104
206 438 943 297
207 111 38 104 1031 274
208 155 438 793 209 104
209 909 243 265 809 470
210 939 438 726 551 119 104 430 277 992
211 730 470 629 627 600 216
212 553 809 627 93 348 606 104 962
213 520 673
214 432 750 389 47
215 265 706
216 174 175 883 28
217 821 441 889 59 647 115
218 438 551
219 653 504
220 155 285
221 650 155 939 438 551
222 802 817
223 205 553
224 155 85 981
225 155 265 438 853 104
226 155 836
227 155 821
228 155 470 821 844 646 736 600
229 844 119 104
230 785 802 430
231 155 939 809 48 683 157 914 232 338
232 950 111 135 771
233 939 243 265 180
234 939 175
235 155 757
236 726 754
237 650 243 438
238 37 503
239 155 285 70 796 85 276 345 1025
240 978 871
241 155 939 683 698 63 564 1015 581 515
242 782 963 417 635 345
243 438 104
244 456 572 205 501 484 468 249 237 666 477 31 996 229 273 984 569 24 347 633
245 939 265 839 54 180 322 853
246 340 135 330
247 155 809 119
248 939 809 551
249 155 646 63
250 551 931
251 495 910
252 432 809 430
253 276 37
254 768 552
255 572 104
256 939 438 809 77 277
257 939 809
258 54 271 40 85 276 1015 392
259 978 276
260 155 392
261 265 980 357
262 809 978 37
263 357 978 85
264 155 683 552
265 939 243 630 44 895
266 552 180 759 676
267 94 413 671 202
268 650 39 341 205 939 243 677 618 809 963 149 748 726 58 128 357 713 978 667 567 316 276 37 135 551 873 435 991 990 125 838 431 612
269 791 880
270 809 232 26
271 939 206 175
272 939 438 175
273 809 232
274 237 666 229 900
275 650 438 809
276 205 909 939 809 175
277 155 199 111 909 614 698 600 104 430 500
278 133 494
279 650 915 155 939 809 683 54 552 635 597
280 809 883
281 155 223
282 438 104 430
283 677 951 646
284 650 939 438 809
285 155 438 610 809
286 438 610 748 276
287 155 458
288 939 128 761
289 155 646 772
290 702 175
291 702 175
292 702 219
293 106 809
294 155 494
295 740 785 276 600
296 438 943 809 450
297 739 618 470 951 796 849 276 600 135 771
298 839 821 284
299 650 438
300 572 899 148 241 774
301 809 221
302 155 438 809
303 155 809 367
304 205 606 1029
305 863 506 941
306 39 1017
307 257 716
308 438 809 992
309 155 116 589
310 39 178 575 792
311 155 809
312 456 438 785 1015
313 943 978 619 1001
314 939 111 149 698 778 9 998 742
315 939 630
316 155 337
317 982 438 809
318 128 449 430 375
319 650 39 438 26
320 939 77
321 593 162
322 155 939
323 438 809 758 475
324 572 645 595 396 756
325 853 540
326 796 815
327 180 324
328 920 695
329 909 681 1003
330 650 939 809
331 785 544 978 815 907 37 27 445
332 155 438
333 155 643
334 650 939 859 221 584 635 892 685 680
335 809 783
336 809 104
337 915 243 438 809 266 648 393 175 276 894 417 1015 236 846 874
338 572 155 939 438 809 748 175 716 230
339 939 41 157 579
340 630 756
341 943 809 136
342 438 943 7 978 136 962
343 438 978 503
344 155 285 683 564 465
345 863 506
346 169 357
347 155 221
348 243 265 552 180 339 322 792 104
349 748 593
350 899 1014 385 146 255
351 155 276
352 650 39 939 618 48 791 627 880
353 809 748 430 277
354 155 693 464 768 72
355 939 438 798 522 966
356 939 731 275 149 857 298 601 79 551 375
357 650 939 731 275 149 360 857 298 79 551 247 375
358 939 195
359 155 221 85
360 182 983 795
361 438 303 809 743 118 536 276 882
362 650 809
363 978 775
364 155 85 417 635 345
365 205 155 939 809 839 1003 430
366 438 276 882
367 438 276
368 809 963
369 438 809
370 438 276 551
371 650 341 939 809
372 650 155 438 809 357
373 432 394 750 52 621 387 389
374 861 915 155 793 104
375 520 673
376 243 853
377 39 155 816 449
378 155 276
379 650 552
380 646 504
381 433 133 554 424 688 277
382 419 809 927
383 438 809 748
384 433 909 438 809 726
385 650 909 498
386 650 909
387 155 909
388 809 54
389 572 438
390 494 417 1006
391 939 523
392 782 978 1015
393 939 133 494
394 438 809
395 155 85 736
396 821 351
397 371 11 486 443 192
398 438 809
399 650 155
400 155 646
401 505 956 55
402 572 859 200 598
403 438 591
404 963 223
405 438 427 504
406 433 438 748 955 188 277
407 155 1015 465
408 144 63 635
409 155 508
410 155 494 1018
411 128 802
412 155 768 940 392
413 432 809
414 821 750
415 7 967
416 7 963 967 458
417 438 908 754 104 430
418 939 438 809 681 369
419 572 174 815 802
420 650 433 438 878 772 175 885
421 155 809
422 243 265 853 104 430
423 978 37 635
424 809 926
425 939 357
426 809 844 357 815
427 665 978
428 155 939 809 276
429 899 494 852
430 438 37
431 646 978
432 438 978 37
433 978 37
434 37 802
435 978 37
436 438 978 37
437 809 37
438 438 37
439 809 978 37
440 438 809 37
441 155 809 785 978 555
442 809 978 37
443 739 618 627 771
444 646 104
445 646 978
446 37 802
447 883 389
448 389 75 485
449 438 978 37
450 438 809 978 802
451 438 646
452 646 978
453 438 978 37
454 978 37
455 646 978
456 438 978 37
457 438 809 37
458 809 978 37
459 646 37
460 438 978 37
461 438 809 37
462 646 978
463 650 809 748 901 276 885 882 600 551 104
464 839 821
465 821 277
466 950 978
467 950 978
468 646 978
469 978 37
470 243 362
471 155 63
472 572 739 922
473 646 978
474 572 939 111 438 943 809 510 304
475 809 1019
476 572 632
477 155 844 646
478 978 83
479 809 391 37
480 438 809 357 525 127 104
481 146 449
482 978 233
483 54 756
484 650 432 243 620 809 155 74 716 737
485 456 155 438 809 48 683 298 276 551 532
486 939 128
487 2 263
488 155 133 430
489 572 205 553 30 490 852 784 741 855 385
490 909 939
491 155 438 104
492 572 243 438 770 980 115 772 849 278 706 632 568 430 990
493 839 138 219 938 176 462
494 977 438
495 650 572 205 909 155 939 243 41 438 153 963 768 994 468 175 72 1020 146
496 433 155 133 48 221 646 164 772 736 63 392 635
497 243 346 706 269
498 650 438 5
499 899 591
500 243 632 591
501 825 628 529 395 549 789 986 537 156 491
502 650 341 243 809 726 128 118 772 276 551 990
503 432 915 921 157 688
504 939 438 54 645 536 396 756
505 809 551
506 419 939 438 686 591
507 155 635
508 939 375 149 128
509 768 661
510 650 341 939 243 809 366 149 726 325 276 735 282 960 873 532 747
511 88 646
512 677 646
513 650 205 155 939 243 553 438 17 758 149 748 157 128 987 308 645 509 325 834 175 322 276 557 969 417 632 551
514 636 554
515 939 809 298 628 1012 657
516 684 157
517 432 748 750 52
518 155 772 276
519 797 243 339 66 853
520 650 939 731 111 438 360
521 809 357
522 342 604
523 243 761
524 939 438 768 413 698 357
525 909 702 310 317 533
526 155 438
527 950 791 135
528 553 175
529 155 85
530 464 438 104 430
531 391 646 175 590
532 133 352 413 698
533 650 155 133 859
534 438 49
535 357 830 342
536 155 683 635
537 650 262 438 401 809 930 994 987 890 893 298 118 926 175 1 236 679 652
538 155 768
539 155 809 62
540 650 809 970 250 660 890
541 939 149
542 341 909 408 893 175
543 572 646
544 85 145 154
545 243 809 748 276 885 600 119 104 232
546 489 978
547 939 438 772 175
548 572 133 758 153 698 115 772
549 341 155 758 750 645 325 574 85 790
550 378 573
551 650 809 149 796 276 551
552 155 939 133 772 417
553 809 639 430
554 81 494 512
555 438 468
556 155 698 564
557 155 939 54 552 362 635 104 430
558 915 963 716 102 365
559 939 438 809 726 645 536 882 919 551 532
560 155 883
561 205 855
562 438 809
563 551 687 942 623
564 155 111 736 63
565 155 438 698 104
566 839 158
567 809 978
568 133 909 438 809 859 153 748 726 115 700 646 850 856 184 885 761 525 430
569 551 687 532 623
570 155 54
571 205 909 438 809 54 157 498 591
572 909 437
573 155 821 844 772 104
574 618 438 748 627 600
575 939 832
576 155 285 635 104
577 155 470 359 772 849 1003 635 430
578 939 243
579 155 133
580 978 276
581 133 660 890 772 591 104
582 650 939 265 138 974 175 1024
583 978 815
584 939 265 438 809
585 909 939 1003 351
586 205 739
587 939 111 438 149
588 809 149 497
589 560 961
590 155 560
591 155 560
592 155 961
593 370 97
594 809 920
595 243 978 761
596 155 7 494
597 939 243
598 982 408 748 987
599 438 809 748 552
600 572 809 104
601 809 175
602 939 243 632
603 646 831
604 809 37
605 718 978
606 243 805
607 155 939 133 106 276 37 417 1015 635
608 144 37 503
609 650 939 464 438 943 809 963 938
610 552 940 61
611 357 77
612 650 572 155 243 809 734
613 456 205 809 821
614 438 809
615 650 939 157 552
616 943 809 698
617 155 821
618 572 909 936
619 111 438
620 939 243
621 909 953
622 797 265 853
623 85 63
624 205 852 468 201
625 155 111 438 221 62
626 909 225 408 821 441 891
627 205 939 243 265
628 155 438
629 155 809
630 39 809 1003
631 155 438 809 812 957 364 882
632 939 438 357
633 572 433 772
634 650 155 939 438 683
635 111 943 809 136
636 650 155 809
637 199 392
638 593 883
639 243 265 438 632
640 572 899
641 592 899 698 69 802
642 572 809
643 650 155 939 809 437 552 276 882
644 650 939 611 809 963 437 552 882
645 650 939 963 437 221 552 276 882
646 432 782 437
647 155 362
648 812 276
649 642 209
650 786 438 809 994 357 830
651 205 553
652 915 909 212
653 155 683 115 351
654 438 809 994
655 915 155 809 683 963 971 221 882
656 650 572 809
657 205 185 136 572
658 432 750
659 909 939 175
660 939 903
661 298 628
662 806 815 802
663 489 809 298 628 1012 802
664 650 133 772 591
665 809 646 472
666 650 155 683 403 85
667 155 809
668 155 438
669 438 346 809
670 432 311 153
671 155 939 809
672 205 939 438 809 298
673 650 155 199 438 809 559 298 885
674 155 718 221
675 155 560 909 821 698 175
676 650 939 438 809 758 488 748 559 901 360 298 628 276 142
677 572 155 133 951 385 772
678 995 772
679 650 939 438 809 963 901 276 1003 458
680 438 821 357
681 572 939 909 54 138 69
682 433 560 413 772
683 909 758 175
684 809 955
685 909 809 552 175
686 438 809 963 276
687 650 155 909 438
688 155 607
689 155 772
690 438 698
691 809 276
692 7 300
693 861 155 957
694 456 155 111 346 943 136 186
695 205 468
696 739 718
697 702 973 175 883
698 155 560
699 572 909
700 438 758 698 325 453
701 155 133 494
702 909 155 438 809 276
703 572 285 839 698 646 130
704 243 212
705 733 174 825 772
706 359 221 883 836
707 999 978
708 618 978
709 456 186
710 451 243
711 456 809 357
712 572 939
713 853 632
714 155 442 285 909 611 438 683 153 437 768 359 844 221 957 849 85 885 63 564
715 821 751 552
716 243 632
717 650 438 48 360
718 650 438
719 205 438 809 494 772
720 909 809 752 583
721 939 438
722 155 782 809 164
723 939 943 907 632
724 155 809 821
725 939 646
726 155 560 438
727 572 939 413
728 751 157
729 809 357
730 809 357
731 909 939 809
732 155 256
733 155 157
734 155 939 726
735 155 212 130 85 883 63
736 7 921 473
737 821 180
738 155 560 221
739 341 939 243 438 809 748 207 452
740 809 212
741 650 939 809 359 85 276
742 646 238
743 650 939 809 366 768 149 131 1030 298 794
744 276 882
745 909 238
746 650 438 48 646
747 821 646
748 909 809 768 698
749 809 698 98
750 155 809 352 357 957
751 939 494
752 38 809
753 809 821 552 175
754 915 939
755 939 438 809 157 645 787 646
756 155 438 809 359
757 341 809 787 298
758 155 793
759 155 111
760 111 809
761 861 155 809 963
762 155 809 770 357 276
763 133 909
764 243 285 180 907
765 155 48 221
766 650 670 572 155 243 111 133 438 943 733 772 85 62
767 650 861 909 155 702 939 977 438 963 437 469 552
768 799 408
769 646 37
770 650 572 155 939 133 809 494 772
771 939 311 265 438 809 787 339 759 907
772 341 909 939 111 133 438 943 332 809 48 758 240 901 772
773 572 739
774 155 809
775 939 243 17 73
776 915 155 782 620 684 655 245 319
777 939 85 907 749
778 155 133 438 923 85 1003
779 155 464 776 408 768 207 446 880
780 650 155 346
781 155 909 645 175
782 650 155 133 221 85
783 438 748
784 939 243 646 706
785 111 943 669
786 155 963
787 39 950
788 265 980
789 650 915 155 954 243 442 285 620 438 809 422 552 65 749
790 650 341 702 939 311 809 758 698 157 175
791 221 883
792 844 829
793 650 157
794 572 157
795 650 157
796 677 976 978
797 809 978
798 155 809 821
799 155 413 844 646
800 782 809 552
801 357 1019
802 809 646
803 939 552
804 54 821
805 438 809 758 357
806 909 155 464 133 41 683 115 552 212
807 677 472
808 650 285 624
809 939 243 199 438 106 698 706
810 155 285 133 346 106 839 748 772 472
811 809 926 127 104
812 650 456 709 243 809 758 287 748 559 901 627 764 128 812 787
813 243 809 787 298
814 650 909 155 939 809 48 149 821 12 698 787 298 85
815 155 175
816 155 90
817 155 221
818 943 175
819 438 963 221
820 155 359 413 844 221
821 155 381
822 650 670 39 702 262 939 243 924 909 438 809 758 149 287 488 901 994 452 294 567 772 175 527
823 442 733 772 454
824 157 175
825 199 827
826 155 144 683
827 939 758
828 572 939 909 859 221
829 809 357
830 432 155 438
831 626 840
832 859 698 830
833 205 155
834 155 809
835 205 909 155 693 225 175
836 285 809
837 702 939 809
838 243 398
839 646 85
840 155 669
841 909 982
842 438 809 901
843 809 901 298
844 803 488 480 748 901 452
845 572 979 899
846 939 311 698
847 650 809 21
848 677 669
849 765 773 203 168 724
850 572 155 939
851 915 155 939 285 809 683 437 552 85
852 205 899
853 650 809
854 155 620 683 552
855 797 341
856 592 809 359 646
857 939 770
858 650 155 243 285 111 809 452 772
859 939 357
860 155 809
861 155 768 357
862 650 456 939 943
863 650 809
864 572 205 501 739 854 346 484
865 650 341 809 758 645
866 433 155 326 560 677 608 133 809 408 359 221 115 174 772 883 836
867 433 155 683
868 572 205 939 809
869 155 957 587
870 939 909 809
871 572 939 243 980 762
872 285 620 359 646 381
873 111 943 859 821 157 552
874 155 438 809 683 698 221 957 646
875 243 199 646
876 650 341 939 570
877 432 155 54
878 733 454
879 620 883
880 650 155 733
881 650 939 464 809 758 574
882 909 702 41 175
883 456 782
884 155 406 228
885 809 768 821 298
886 572 909 133 821 279 645
887 205 155
888 433 909 702 133 809 758 987
889 572 939 1014 513 69 603
890 572 155 702 243 311 809 772
891 859 221
892 572 645
893 939 243 265
894 155 698
895 39 433 939 133
896 553 7 436 696
897 155 939 683 552
898 155 809
899 650 782 683 780
900 572 909 939 243 265 438 425 339
901 285 111 353 847
902 650 155 939 359 698 221 772 85
903 155 620
904 650 429 572 151
905 693 809
906 809 212
907 155 963
908 752 925
909 844 646
910 939 839 54 901 321 552
911 773 168 403
912 650 939 234
913 739 303 821 646
914 155 560
915 133 844
916 939 950 48 791 261 906 461 95 566 547 135 122
917 650 155 6
918 199 809 414
919 939 909 768
920 155 693 939 243 54 552 772
921 939 809 694
922 650 572 939 438 750
923 243 980
924 155 733
925 809 194
926 809 646
927 205 899
928 944 357 399 609 843 228 318 777 299 335 871
929 155 939 803 809
930 650 341 939 243 809 758
931 670 809 298
932 809 499
933 155 939 149 770
934 572 205 879
935 155 285
936 341 809 847
937 650 155 939 683
938 456 179 438 1016 833 413 698
939 39 755 809
940 650 341 138 552
941 155 812 989
942 385 403 526
943 155 693
944 650 809
945 650 733
946 572 205 979 111 272 494 852 784
947 133 153 221
948 464 592 809
949 494 821
950 456 332
951 155 698
952 650 429 341 939 438 758
953 572 433 909 155 702 505 909 60 932 852 359 646
954 155 442 809 698 158
955 155 48 698
956 243 700
957 326 442 281
958 650 54
959 416 677 438 579
960 650 155 939 243
961 618 106
962 650 438 901
963 155 683
964 650 429 572 341 155 702 939 909 438 610 809 859 242 14 149 994 656 308
965 909 155 221
966 650 861 915 155 939 464 439 285 133 426 48 683 963 821 359 780 115 957 552
967 650 155 618 909 438 665 437
968 155 412 158
969 341 809 758 726 157
970 243 964
971 572 939 980
972 155 464 782 494
973 155 438 753
974 438 809
975 159 854 438 809 252
976 346 698
977 650 429 915 909 702 939 67 994 893 694
978 650 731 820 355 659 541 360 857
979 155 821 698
980 242 361
981 326 637
982 797 124 800 165 801 438 17 809 758 781 222 242 108 149 888 181 56 1016 994 12 656 321 851
983 909 225
984 155 165 438 287 480 559
985 341 155 4 758 325
986 939 438 980 321
987 243 438 922
988 943 852
989 650 572 939 243 111 943 45 764 691 700
990 650 285 552
991 939 171 627
992 650 438
993 155 326 698 221
994 560 909
995 303 821 646
996 650 809 994 157
997 320 762
998 311 909 552
999 205 698
1000 650 205 809 839 138 847 552 403 772 175 879
1001 939 243 980 764
1002 155 251 221 552
1003 939 153
1004 909 346 859
1005 650 39 124 939 731 820 950 924 193 438 226 659 48 275 149 261 208 888 488 126 559 1016 764 360 857 812 656
1006 155 683
1007 650 861 572 915 702 939 243 265 971 579 321 552 180 322
1008 572 943
1009 341 702 505
1010 650 731 438
1011 839 821 772 379 313
1012 111 438 943 809 559 116
1013 572 205
1014 155 683 153
1015 243 157
1016 572 346
1017 572 205 272
1018 572 155 859 686
1019 650 438 559 901 360
1020 155 939
1021 155 303
1022 693 683
1023 650 620 859
1024 155 809
1025 592 111 809 153
1026 155 693 939 285 683
1027 592 809
1028 650 155 326 191 909 637
1029 464 780
1030 768 413 646
1031 442 733
1032 650 939 292 757
1033 155 464
1034 572 770
1035 809 88
1036 909 809
1037 809 812
1038 320 258
1039 650 258
1040 456 205 346 107
1041 285 359
1042 939 346
1043 939 243
1044 650 572 39 341 262 939 243 438 809 48 758 726 994
1045 155 326 693
1046 159 107
1047 939 243 980
1048 739 677 740 618 634 791 951 629
1049 243 770 980
1050 650 939
1051 341 455 758
1052 702 909
1053 572 205 909 939
1054 650 155 464 620 683 768 552
1055 739 845
1056 702 939
1057 155 438
1058 159 501 252
1059 17 768
1060 572 205
1061 650 341 939 243 553 809 366 126
1062 155 875
1063 155 17 637
1064 939 242 56
1065 155 437
1066 915 155
1067 332 809
1068 650 205 939 243 809 3 748 360
1069 650 939 809 3 748 360
1070 155 780
1071 809 126
1072 243 320 48
1073 693 782
1074 909 702 939 592 311 973 20 943
1075 155 408
1076 3 126 726 994
1077 939 320 48
1078 650 341 205 939 243 438 809 3 901 360
1079 861 780
1080 797 859
1081 285 611 683
1082 650 438 809
1083 650 341 438 809 758 748
1084 650 438
1085 464 782 110 648
1086 429 243 809
1087 155 133 909
1088 650 429 909 702
1089 155 932
1090 702 939 14
1091 909 702
1092 572 553
1093 650 693 939
1094 650 939
1095 650 419 939 811 243 111 909
1096 909 939 366 131
1097 861 341 939 243 7 809 758 748 788 726
1098 155 693 939
1099 572 939 320
1100 809 126
1101 939 821
1102 650 939
1103 572 970
1104 718 466
1105 285 859
1106 572 553
1107 650 572 341 155 939
1108 650 915 909 702 243 311 539 980
1109 205 490
1110 155 464 854 773
1111 915 205 939 721 1011 943 320
1112 205 939
1113 939 809
1114 650 438 901
1115 740 538 826
1116 572 205
1117 261 126
1118 205 702 677 618 101 106 809 470
1119 650 438 945
1120 199 438 181 480
1121 909 702 133 33 899 4 153 901 818
1122 670 199
1123 670 341 909 982 809 225 98
1124 958 939 401
1125 155 494
1126 650 861 341 243 809 758 748 788
1127 429 341
1128 572 205
1129 650 702 346 292
1130 155 943 970
1131 155 438
1132 939 41 943
1133 67 6
1134 909 320
1135 572 343 758
1136 650 429 939 243
1137 909 155
1138 650 670 341 41 758
1139 155 913
1140 572 979 553 272
1141 438 15
1142 401 43
1143 39 155 438 809 821
1144 243 265
1145 714 943
1146 572 205 505 133 899 852
1147 572 155
1148 451 285
1149 159 155 501
1150 650 800 438 17
1151 702 939 800 311
1152 979 553 272 662
1153 155 618
1154 343 215 272 758
1155 572 155 939 415
1156 155 821
1157 155 111 943 334
1158 155 464
1159 185 489 111 806
1160 205 909
1161 429 909 702
1162 155 859
1163 205 939 438
1164 909 155
1165 285 382
1166 909 859 164
1167 155 939 464 782
1168 326 363
1169 326 13 862
1170 326 13 171 476 234
1171 693 285
1172 939 133
1173 155 909
1174 572 438 899
1175 205 702 909
1176 199 438
1177 650 155 693 977 285 620 45
1178 572 205
1179 670 560 939 614
1180 939 133
1181 285 111 943 952
1182 572 943 153
1183 939 153
1184 650 106
1185 326 683
1186 155 954 285
1187 572 459
1188 155 864
1189 650 572 939
1190 650 939 800 311 242 14
1191 155 382 614
1192 650 909 702 939
1193 326 285
1194 572 205 979
1195 650 572 341 205 909 702 505 272 758
1196 650 702 592
1197 650 311 242
1198 650 429 915 155 326 693 939 638 782 1009 977 41 437
1199 326 285
1200 155 81 133
1201 243 413
1202 670 341 859
1203 915 954 41
1204 572 786
1205 650 155 683
1206 683 153
1207 155 939 909
1208 650 429 572 205 155 524
1209 572 909 133 909 438
1210 326 7
1211 693 782
1212 155 909
1213 199 943
1214 429 311
1215 155 782 618 438 484
1216 650 155
1217 939 801 14
1218 155 326 693
1219 155 939
1220 336 341 215 758
1221 429 939
1222 155 614
1223 954 638 285 7
1224 909 157
1225 650 939 243
1226 650 572 39 909 702 939
1227 155 697
1228 915 155 326 939 782 683 963
1229 650 433 155 1009 820 111 909 1000 41 4 610 48
1230 155 939
1231 155 346
1232 650 163
1233 155 809
1234 650 572
1235 419 614
1236 572 205 939
1237 111 346
1238 155 939 755 81
1239 341 343
1240 343 809
1241 155 285 256
1242 650 809
1243 155 326 285
1244 205 490
1245 650 939
1246 650 939 144 464 285 133
1247 303 106
1248 650 939 859
1249 205 155
1250 572 155 939
1251 155 199
1252 650 429 572 341 939
1253 243 180
1254 159 155 144 854
1255 155 464
1256 199 943
1257 650 939
1258 429 341
1259 650 693 939 464 620 38
1260 111 346
1261 650 205 155 939 111 41 438 153 698 552
1262 572 155
1263 901 321
1264 650 1000
1265 650 572 939 243
1266 505 909 157
1267 199 401
1268 650 155 346
1269 650 332
1270 205 155 705
1271 155 82
1272 650 939 800 943
1273 572 939
1274 650 939 731 950 193 438 68 48 791 261
1275 572 909
1276 650 438
1277 954 864
1278 693 638
1279 650 155 939 133 859
1280 670 429 909 958 702 419 732 354 311 608 133 899 401 35 580 272
1281 670 429 909 958 702 419 732 289 608 133 899 401 35 580
1282 572 939
1283 650 915
1284 572 205 979
1285 797 702 592
1286 155 285 81 866 484
1287 572 438
1288 429 939
1289 205 155
1290 650 215
1291 650 155 323
1292 572 939
1293 155 909
1294 572 101
1295 702 505
1296 111 179
1297 155 909
1298 155 144
1299 39 433 909 133
1300 572 693 243
1301 464 720
1302 464 720
1303 909 702 505 225
1304 155 409 326 416
1305 572 419
1306 155 464
1307 429 572 341 205 979 939 800 289 862 346 899
1308 155 782
1309 560 939
1310 346 7
1311 861 155 285
1312 155 782
1313 416 677 976
1314 866 438
1315 650 797 429 341 205 433 909 155 702 939 1002 416 111 133
1316 280 199
1317 909 702
1318 650 412
1319 979 311
1320 670 187
1321 800 478
1322 447 199
1323 199 943
1324 456 572 205 111 231
1325 155 438 901 50
1326 155 939 464 803
1327 155 464
1328 702 800 592 311 820 973 41 943 17 23 272
1329 909 45
1330 155 909
1331 572 899 809 1014 852
1332 650 285
1333 650 155
1334 456 159 341 205 501 854 133 896
1335 155 326 7
1336 650 155
1337 539 199
1338 979 505
1339 811 800 782 311 215
1340 572 205
1341 800 801
1342 456 155 560 939 133 346 227 478 189 859 153 437 1014
1343 650 861 155
1344 572 939 311
1345 650 572 915 81 821 971
1346 199 206
1347 572 205 553
1348 341 909 702 311 973 166
1349 650 939 243
1350 650 432 429 341 205 732 939 638 311
1351 243 350
1352 650 155 451 782
1353 650 429 572 800 311
1354 618 346
1355 155 939
1356 155 199
1357 572 155
1358 650 702
1359 572 205
1360 650 341
1361 650 693
1362 650 199
1363 155 326
1364 650 285
1365 155 326
1366 650 341
1367 205 155 451
1368 155 832
1369 693 939 1009
1370 155 464
1371 155 782
1372 572 909 133
1373 693 651
1374 650 311 1000 193
1375 861 702 954 333
1376 650 155
1377 693 464
1378 861 333 410
1379 650 572 243 949
1380 572 464
1381 861 702 638
1382 333 464
1383 909 702 723 166
1384 650 429 572 939 651 265
1385 650 429 572 341 205 909 702 887
1386 464 862
1387 429 909 723
1388 650 909 451
1389 650 433 155 464
1390 650 326 702 638 782 973
1391 341 820
1392 650 326 190 464 505
1393 155 464
1394 650 155
1395 572 155 693
1396 155 638
1397 915 693 280 618
1398 155 560 439
1399 650 429 341 702
1400 429 709
1401 650 456 572 341 155 464 439 285
1402 155 501 854
1403 650 939
1404 429 341 909 702 663 887
1405 650 670 797 155
1406 650 155
1407 572 686 770
1408 124 731
1409 155 693 560
1410 572 205
1411 909 702
1412 572 553
1413 572 651
1414 159 155
1415 205 155
1416 650 341 909 702
1417 693 638
1418 693 464
1419 650 155 419 638
1420 155 326 693 611
1421 650 572 341
1422 572 341
