0 155 1015 438 798
1 442 438
2 804 808 868 246 682 483
3 160 479
4 342 1028 167 290 530 535
5 848 296 1021
6 1026 268 1010
7 155 438 889 19 772 133 277 211
8 155 909
9 572 253 385 477
10 938 963
11 440 396
12 809 756
13 235 618 809 939
14 235 438 809 939
15 477 591 123 742
16 809 551 939 325 128
17 1022 438 809
18 135 950 771 547 810 841 86 474
19 701 155
20 572 809 325
21 494 133
22 911 710
23 383 909 128 939
24 48 438 456
25 438 551 992
26 503 260 528 384
27 438 809
28 121 420 267 349
29 155 632
30 821 937
31 972 583
32 739 760 239 711 51 771
33 438 155 276
34 939 632 539
35 550 594 438 277
36 645 550 632 507 123 0
37 660 291 606
38 756 396
39 412 434
40 155 92
41 767 155
42 898 576 976 677 809 438 1002
43 111 36 865 264 309 204 675 481
44 265 180 853
45 301 987 748
46 155 715
47 650 438 104 48 346 566 725 993
48 726 277 748
49 153 963 276 103 772 133 111 584 650 809 438
50 814 177
51 867 453 91
52 785 135 18 307
53 934 125 809 992
54 727 317
55 342 404
56 658 167
57 342 530 809 438
58 530 1028 358
59 342 823
60 1028 438 809
61 342 256 380 530
62 342 167 290 530
63 672 587 739 239 135 950 312 453 1008 815 571 837
64 135 771 950 547 878 707
65 909 702 175
66 155 1015 909 683
67 172 809 277 316 435 587 612
68 172 809 438 277 316 587 612
69 128 853 248 939
70 552 939 175 912 690
71 66 403 138
72 584 918 356 902
73 438 809 346
74 756 272 155 963
75 876 487 704 907 916 209 699 438 688 324 599 493 32 918 427
76 584 155 821 683
77 622 450
78 584 918 155 821
79 587 771
80 502 205 113
81 155 221 883
82 626 259 305 372
83 155 89
84 155 403 98
85 433 909 909 438 355 327
86 650 155
87 572 205 1029
88 635 407
89 853 248
90 650 839 1015
91 438 809 992
92 772 418 133 620 293 613
93 133 736 771
94 39 809 839 748 405 431 277
95 650 438 809
96 111 112 37 340
97 534 980 180 870 742
98 939 853 761
99 104 578
100 135 771
101 442 430
102 1023 8 344
103 428 858 246 558
104 183 428 558
105 938 736 584 543
106 155 963 427
107 939 438 742
108 939 577
109 438 809 748
110 946 641 220 314
111 650 155 442 438 809 683 551
112 883 389
113 285 157 130 886
114 1015 822 152
115 939 438
116 650 572 939
117 155 143 635
118 183 877 858 246 654 868 87 649 717 374
119 438 809 551
120 572 250 890
121 283 475
122 938 835 517
123 133 494
124 243 265 438 149 128 180 375
125 939 909 175 551 931
126 650 809 276 356 83 96 286
127 938 835 84 517 514
128 438 430
129 155 132
130 977 573 427 631
131 939 884
132 183 428 246
133 250 890
134 809 926
135 456 484 107 388 519 521 170 858
136 155 438 821
137 438 809 357 277
138 793 1015
139 137 910
140 155 359 635 515
141 614 733 85 63
142 809 366 748 134 793 926 735 295 563 588 991 747 383 742 53 218 150 244 254
143 815 756
144 111 773
145 650 155
146 438 1004
147 438 809 748
148 147 947 860
149 534 180 853 545
150 155 7 494
151 41 157
152 205 155 133 772 606 635 515
153 285 750 52
154 939 438 175
155 650 815
156 768 55
157 809 759
158 670 456 939 346 809 357 772 175 635 139 277 685
159 670 155 809 707 779
160 155 427
161 821 736 635
162 809 430
163 552 276 703
164 939 243 534 29 1005
165 155 442 19 692 210 342 167 9 767 902
166 213 931
167 212 327
168 205 606
169 909 718 212 362 518
170 155 276
171 909 693 702 355 17 48 665 768 878 627 579 660 175 883 948 277 729 771
172 939 104
173 155 552
174 159 205 854 711 252 229 569 968 22 828
175 939 809
176 243 322
177 341 438 809 748 325 992
178 155 736
179 939 809
180 553 852 146 1029
181 276 104 387
182 809 396 756
183 155 16
184 748 119
185 975 161
186 492 585
187 248 742
188 155 939 611 329 1025
189 243 438 809 849 119
190 119 104
191 212 71
192 809 276
193 155 464 71
194 276 802
195 155 438 809 748 772 277 76 992
196 909 742
197 438 430
198 618 627 600
199 484 821
200 155 560 85
201 155 515
202 155 114 736 1015 162
203 438 809 859 552 298 174 1012 914 104 657 602 565
204 155 564
205 809 104
206 943 748 297
207 111 943 104 1031 274
208 861 438 793 209 104
209 909 243 265 809 470
210 939 438 809 726 551 119 430 277
211 618 470 629 627 600 216
212 553 809 93 348 606 104 962 1029
213 520 673
214 432 285 750 47
215 265 552
216 174 175 883 28
217 821 441 889 59 647 115
218 155 551
219 871 504
220 285 276
221 650 155 939 438 809
222 940 802
223 205 553
224 155 494 981
225 155 243 265 438 853
226 155 116
227 809 821
228 155 470 821 844 646 736 600
229 821 844 104
230 809 802 430
231 155 939 809 157 914 232 338 572
232 950 111 547 771
233 939 265 180 572
234 909 939
235 155 757
236 128 754
237 650 243 572
238 978 37
239 155 285 70 796 85 276 345 1025
240 978 871
241 155 683 698 63 564 635 581 515
242 782 963 417 635 345
243 939 104
244 456 159 572 205 501 854 484 249 237 666 31 996 229 273 984 569 633
245 939 243 839 54 180 322 853
246 340 135 330
247 809 119 277
248 650 939 809
249 155 111 646
250 650 931
251 495 910
252 432 155 809
253 276 910
254 768 552
255 572 104
256 939 438 809 325 77
257 939 809
258 155 54 271 40 85 276 392
259 978 276
260 155 392
261 939 265 980
262 438 978 37
263 155 978 85
264 155 70 552
265 939 243 978 44 895
266 552 180 759 853
267 413 671 542 202
268 650 39 205 939 243 618 809 963 149 748 726 58 128 357 978 667 362 316 276 37 135 551 873 435 331 125 431 612 905
269 791 722
270 809 802 26
271 939 684 175
272 939 438 175
273 809 373
274 237 666 229 900
275 650 939 809
276 205 909 939 111 175
277 155 199 111 909 614 698 635 104 430
278 155 133
279 650 155 939 809 683 54 552 883 635
280 883 1015
281 155 716
282 438 430 369
283 677 951 646
284 650 155 939 438
285 155 610 809 733
286 438 610 245 276
287 155 458
288 939 128 761
289 155 646 772
290 702 219
291 219 175
292 702 219
293 106 926
294 133 494
295 740 438 276 600
296 438 809 496 450
297 739 618 470 791 951 796 276 600 135
298 155 821 284
299 650 931
300 899 148 241 450 774
301 221 646
302 155 438 809
303 155 367 605
304 205 1029 270
305 506 766 941
306 1017 593
307 257 716
308 155 809 992
309 155 135 589
310 178 575 792 586
311 155 551
312 456 438 785 1015
313 943 978 136 1001
314 939 111 149 698 210 9 998 742
315 939 630
316 337 712
317 505 982 438
318 128 449 430 375
319 650 39 133 26
320 939 77
321 593 162
322 155 939
323 670 438 809 758
324 572 939 595 396 756
325 853 540
326 796 324
327 792 324
328 920 695
329 909 438 681
330 650 939 809
331 785 544 978 815 907 37 27 445
332 155 438
333 155 643
334 650 939 859 221 584 635 685 680
335 551 783
336 809 104
337 915 243 438 809 266 648 393 175 276 1015 2 846 874
338 572 939 438 809 748 175 716 230
339 41 839 157 579
340 939 756
341 111 809 136
342 438 7 978 815 136 962
343 438 978 815
344 155 285 683 564 465
345 863 506
346 169 748
347 221 736
348 797 243 552 180 339 322 792 104
349 748 276
350 899 1014 385 146 255
351 155 683
352 650 39 939 48 791 627 660 880
353 501 809 748 277
354 693 464 963 768 72
355 438 798 104 522 966
356 650 939 731 149 298 601 79 551 375
357 650 939 731 275 149 360 857 79 551 375 141
358 939 195
359 155 221 85
360 155 983 795
361 438 303 743 118 536 276 735 882
362 939 809
363 37 775
364 155 809 85 417 635
365 205 155 939 809 859 839 1003
366 276 882 197
367 438 882
368 963 276
369 809 276
370 438 809 551
371 650 341 939 809
372 155 438 809 357 894
373 432 394 750 52 387 389 47
374 861 915 155 209 104
375 673 328
376 243 853
377 39 155 809 816
378 155 646
379 650 552
380 821 646
381 133 554 424 688 917 277
382 419 809 927
383 438 748 750
384 433 909 809 726 660
385 650 939 909
386 650 909
387 155 909
388 54 825
389 438 104
390 155 417 1006
391 756 523
392 782 978 1015
393 939 133 494
394 939 438
395 85 736 635
396 351 59
397 371 11 486 443 57
398 909 438
399 155 683
400 155 899
401 956 175 55
402 572 809 200 598
403 438 591
404 963 223
405 438 653 504
406 433 859 748 955 188 277
407 155 1015 465
408 155 63 635
409 465 508
410 155 494 417
411 128 74
412 155 768 1015 392
413 432 155
414 155 750
415 7 967
416 155 7 967 458
417 438 128 908 754 104
418 939 438 809 681 213
419 572 174 815 802
420 650 433 702 438 878 175 885
421 155 844
422 243 265 809 104 430
423 809 978 635
424 809 468
425 357 77
426 809 844 357 37
427 93 978
428 650 155 939 276
429 494 1014 852
430 978 37
431 978 37
432 809 978 37
433 37 802
434 978 37
435 646 37
436 438 809 37
437 809 37
438 438 37
439 438 809 978
440 438 978 37
441 155 809 785 978 555
442 438 978 37
443 618 627 600 771
444 438 646
445 978 37
446 978 802
447 883 75
448 883 75 485
449 438 809 37
450 809 978 37 802
451 646 978
452 646 37
453 809 978 37
454 978 37
455 646 978
456 438 809 37
457 809 978 37
458 809 978 37
459 978 37
460 438 809 37
461 438 809 37
462 978 37
463 650 939 809 901 276 885 882 551 104
464 54 821
465 155 277
466 950 978
467 950 978
468 438 978
469 438 978
470 243 285
471 155 63
472 572 922 591
473 155 978
474 572 939 111 438 943 809 785 510
475 809 1019
476 572 438
477 155 809 646
478 978 83
479 809 391 37
480 438 357 926 525 127 104
481 146 449
482 37 233
483 54 645
484 650 432 243 620 809 74 1015 737
485 650 155 438 809 48 683 276 551 532
486 265 128
487 2 263
488 133 635 430
489 572 205 30 490 852 784 741 855 385
490 909 939
491 155 438 952
492 572 243 133 438 770 980 115 772 849 278 706 990
493 839 138 219 938 176 462
494 977 438
495 572 205 909 939 243 41 438 153 963 768 994 552 468 175 72 1020
496 433 155 133 48 221 164 772 85 63 392 635
497 939 243 346 269
498 155 438 5
499 899 591
500 243 579 632
501 825 628 719 529 549 789 986 537 156
502 341 243 809 726 128 118 276 551 444 990
503 915 7 921 157 688
504 939 438 809 54 645 536 396
505 943 551
506 572 419 438 686 591
507 99 635
508 939 149 128 572
509 351 661
510 650 341 243 809 366 149 726 325 118 276 735 960 873 532
511 88 646
512 677 698
513 650 205 155 243 553 17 963 437 149 157 128 987 308 645 509 325 834 175 322 557 969 417 632 551
514 636 554
515 809 298 628 1012 657 105
516 157 175
517 432 748 52 621
518 155 646 772
519 797 243 339 66 853
520 939 731 111 438 48 360
521 809 357
522 809 604
523 856 761
524 939 438 809 768 413 698
525 702 310 175 317 533
526 155 438
527 950 106 791
528 852 175
529 155 85
530 155 438 104 430
531 391 646 175 351
532 939 133 413 698
533 650 155 133 438
534 438 49
535 357 276 342
536 155 683 635
537 262 438 401 809 930 994 987 890 893 298 118 926 421 175 1 652
538 768 733
539 943 809 62
540 650 809 970 250 660 890
541 155 149
542 909 982 408 893 175
543 572 646
544 155 85 145
545 243 748 627 885 600 119 104 232
546 978 42
547 939 438 772 175
548 572 133 758 153 698 115 772
549 341 758 750 645 325 574 85 790
550 378 573
551 650 809 149 796 276 551
552 939 133 494 772 417
553 155 639 430
554 81 494 512
555 438 468
556 155 564 635
557 155 939 809 54 552 362 104 430
558 915 155 963 716 365
559 939 438 809 726 645 536 276 882 919
560 155 883
561 205 855
562 155 438
563 551 687 942 623
564 155 111 844 63
565 155 438 635 104
566 839 54
567 809 37
568 133 909 438 809 859 153 748 115 700 646 850 856 885 761 525 430
569 551 687 942 532
570 155 54
571 205 155 909 438 809 54 157 591
572 909 437
573 155 821 772 104 430
574 618 438 809 627 600
575 243 832
576 155 285 635 104
577 155 470 821 359 772 1003 635 430
578 243 128
579 155 133
580 978 448
581 133 346 660 890 591 104
582 650 939 138 974 357 175 1024
583 815 37
584 939 438 809 884
585 909 939 772 351
586 739 996
587 939 438 149 798
588 939 809 149
589 155 560
590 155 961
591 560 961
592 155 560
593 370 97
594 920 397
595 978 856 761
596 7 494 769
597 243 646
598 909 408 748 987
599 438 748 987 552
600 572 809 104
601 809 175
602 243 632 884
603 1027 646
604 809 978
605 718 37
606 939 805
607 155 939 133 106 359 37 1015 635
608 144 978 503
609 650 939 464 438 943 809 963 362
610 552 940 392
611 939 77
612 650 572 155 939 243 734
613 456 205 809 821
614 438 809
615 650 939 809 552
616 943 809 698
617 155 63
618 572 909 413
619 111 438
620 243 596
621 155 953
622 265 339 853
623 693 85
624 852 468 201 591
625 111 438 943 221 62
626 982 225 408 821 441 891
627 572 205 243 265
628 155 438
629 155 438
630 39 809 1003
631 155 438 809 812 957 364 882
632 939 243 357
633 456 572 433
634 155 939 438 683 552
635 419 111 943 809
636 650 155 809
637 199 392
638 593 769
639 243 265 438 632
640 899 1014
641 592 698 847 69 802
642 572 157
643 650 155 939 809 963 437 276 882
644 939 611 809 963 437 552 276 882
645 939 809 963 437 221 552 276 882
646 432 155 782
647 155 212
648 812 276
649 809 642
650 111 438 809 994 357 830
651 205 553
652 155 909 212
653 155 683 359 115
654 809 994 276
655 915 155 809 683 963 221 276 882
656 572 939 809
657 205 185 136 572
658 432 909
659 909 939 175
660 438 903
661 809 298
662 806 978 815
663 489 809 298 628 794 802
664 133 772 175 591
665 677 646 472
666 650 155 133 683 85
667 155 809
668 438 809
669 939 438 809
670 432 153 413
671 650 939 809
672 650 205 939 809 298
673 650 155 438 809 559 901 298 885
674 464 718 221
675 155 560 909 821 175 736
676 650 155 939 438 758 488 901 360 298 628 276 142
677 572 433 155 951 385 772
678 995 772
679 650 939 438 809 869 276 1003 458
680 438 809 821
681 650 572 939 909 54 69
682 433 155 560 772
683 909 809 758
684 955 926
685 702 909 809 552
686 438 809 963 276
687 650 155 909 357
688 155 607
689 155 772
690 155 698
691 155 809
692 7 300
693 155 637 957
694 456 155 346 943 182 136 186
695 205 468
696 739 718
697 973 175 883 807
698 155 560
699 572 909
700 438 809 698 325 453
701 155 133 494
702 155 438 809 698 276
703 572 155 285 839 698 646
704 265 212
705 733 174 825 772
706 155 359 221 836
707 198 978
708 618 978
709 468 186
710 451 939
711 456 438 357
712 939 438
713 853 632
714 155 442 285 909 611 438 809 683 821 359 844 221 849 85 885 63 564
715 751 552 596
716 853 632
717 650 731 438 48
718 650 438
719 205 438 346 809 772
720 809 157 752 583
721 939 438
722 782 346 809 164
723 939 943 907 632
724 155 809 821
725 243 646
726 560 438 698
727 572 939 770
728 751 157
729 809 357
730 809 708
731 650 909 809
732 442 256
733 155 809
734 939 809 726
735 212 130 85 883 562 63
736 809 921 473
737 821 180
738 560 346 221
739 650 939 243 438 809 748 207 452
740 809 212
741 650 155 939 809 85 276
742 935 238
743 650 939 809 366 768 149 131 1030 794
744 155 276
745 809 238
746 650 48 627 646
747 821 646
748 809 768 698 646
749 809 698 98
750 155 352 297 357 957
751 155 939
752 709 809
753 809 54 552 175
754 155 939
755 939 311 438 809 157 787 646
756 155 438 821 359
757 809 787 298 628
758 155 793
759 155 809
760 111 909
761 861 155 438 963
762 155 243 809 357 276
763 155 133
764 155 243 180 907
765 155 48 221
766 650 670 572 155 939 243 111 133 438 733 85 62
767 861 909 155 702 939 977 285 438 437 469 552
768 799 408
769 646 978
770 650 572 155 939 133 809 494 54
771 939 265 438 770 787 339 759 907
772 650 909 939 111 133 943 332 809 758 240 901 772
773 572 739
774 809 830
775 939 800 243 73
776 915 155 782 963 684 655 245 319
777 243 85 907 749
778 155 285 133 438 923 85
779 155 776 982 408 768 207 446 880
780 155 702 346
781 155 909 809 175
782 155 133 221 772 85
783 809 748
784 939 243 265 646
785 111 943 821
786 155 963
787 39 709
788 265 980
789 650 915 954 243 442 285 438 809 422 552 65 749
790 650 341 702 939 311 809 758 157 175
791 221 883
792 809 844
793 650 157
794 650 572
795 572 157
796 677 976 618
797 438 978
798 809 963 821
799 683 413 844 646
800 155 782 552
801 357 1019
802 413 646
803 939 552
804 821 175
805 438 809 758 357
806 155 464 133 41 683 115 552 212
807 677 472
808 650 155 624
809 909 939 243 199 909 106 698 706
810 155 285 133 346 839 748 646 772
811 809 698 926 104
812 650 456 709 758 287 748 559 901 627 128 812 787 276
813 243 787 298 955
814 429 909 155 939 809 48 149 821 12 698 787 298
815 155 175
816 155 809
817 155 733
818 572 175
819 155 438 963
820 909 359 413 844 221
821 155 285
822 670 39 702 262 939 13 924 909 809 758 149 287 488 748 901 994 294 567 175 527
823 442 733 626 454
824 909 157
825 199 827
826 155 144 683
827 702 939
828 572 155 939 909 859
829 809 890
830 432 155 438
831 626 840
832 859 830 879
833 205 155
834 155 646
835 205 909 155 693 115 175
836 809 683
837 702 809 773
838 180 398
839 155 85
840 669 749
841 909 982
842 438 809 298
843 438 809 298
844 803 438 488 480 748 901
845 572 979 852
846 155 939 311
847 809 298 21
848 677 646
849 765 773 203 168 724
850 572 155 939
851 915 155 939 809 683 437 552 85
852 205 899
853 809 646
854 155 620 683 552
855 797 341
856 155 809 359 646
857 770 175
858 650 155 243 285 111 133 809 772
859 939 243
860 155 175
861 155 809 768
862 650 456 939 943
863 650 155
864 159 572 205 501 739 346 484
865 341 939 809 758 645
866 155 326 693 677 608 133 809 359 221 115 174 772 883 836
867 433 683 552
868 572 205 809 157
869 155 698 587
870 909 809 54
871 572 939 243 438 980
872 155 285 620 359 646
873 111 943 821 844 157 552
874 650 155 438 809 698 221 957 646
875 939 199 646
876 341 939 640 570
877 650 432 54
878 155 733
879 620 738
880 650 155 733
881 650 429 939 464 758 574
882 702 939 41 175
883 650 782
884 155 406 221
885 809 821 298 955
886 909 133 821 279 698 645
887 205 346
888 433 909 133 809 758 842 987
889 572 939 899 1014 513 69
890 572 155 702 939 311 809 772
891 859 221
892 205 645
893 939 243 265
894 939 698
895 39 433 155 939
896 553 7 436 696
897 939 909 683 552
898 285 809
899 650 638 782 683
900 572 909 939 243 265 438 425 339
901 155 285 353 847
902 650 155 939 359 413 698 221 772
903 155 620
904 650 429 572 151
905 693 809
906 650 212
907 182 963
908 752 925
909 844 646
910 839 149 54 901 321 552
911 773 168 403
912 650 155 234
913 739 303 844 646
914 560 106
915 153 844
916 939 950 48 791 906 561 95 566 547 135 122
917 650 155 939
918 199 298 414
919 939 505 768
920 155 693 939 54 552 646 772
921 939 809 694
922 572 939 744 438 750
923 243 66
924 155 733
925 809 646
926 809 844
927 899 1014
928 944 399 609 843 228 318 777 299 335 871
929 650 939 803 809
930 650 939 243 438 809 758
931 809 726 298
932 809 298
933 155 939 243 149
934 572 205 809
935 285 611
936 809 847 1030
937 650 155 939 824
938 456 199 438 1016 833 413 698
939 755 809 468
940 650 809 138 552
941 861 812 989
942 385 403 759
943 155 326
944 650 298
945 939 733
946 572 205 979 111 346 272 494 784
947 572 153 221
948 464 592 844
949 155 494
950 489 332
951 809 698
952 650 429 909 939 438 758
953 433 909 155 702 505 133 909 60 932 359 646
954 155 442 611 698 158
955 155 199 698
956 243 700
957 326 442 281
958 650 54
959 416 438 809 579
960 650 939 243 180
961 618 106
962 650 111 438
963 939 683
964 429 572 341 155 939 505 909 438 809 859 242 14 149 994 308 552
965 909 155 221
966 650 861 155 939 464 439 285 133 426 48 683 963 494 821 115 957 552
967 650 155 618 909 438 809 665
968 155 442 412
969 341 758 726 157 473
970 650 964
971 939 980 157
972 155 464 782 494
973 155 438 753
974 438 753
975 159 501 854 438 809
976 346 698
977 650 915 909 939 67 994 168 893 694
978 731 820 355 659 541 48 360 857
979 155 821 698
980 361 12
981 155 326
982 797 124 800 801 17 478 809 758 781 222 108 888 181 34 56 1016 994 656 321 851
983 909 157
984 155 165 287 480 559 901
985 341 155 4 758 325
986 939 438 579 321
987 243 438 922
988 205 943
989 650 572 939 243 943 45 764 691 700
990 650 155 285
991 939 171 627
992 650 438
993 155 909 698 221
994 155 560
995 303 821 646
996 650 809 157 893
997 320 980
998 650 311 909
999 199 698
1000 650 809 839 138 847 552 207 403 772 175
1001 939 980 764 157
1002 251 683 221 552
1003 939 153
1004 909 346 859
1005 650 39 124 939 731 820 950 924 438 226 48 275 149 261 208 888 126 559 140 764 994 857 812 656
1006 155 683
1007 650 861 915 702 939 243 265 809 321 552 180 322
1008 572 205
1009 702 505 909
1010 650 199 438
1011 821 772 872 379 313
1012 419 438 943 809 559 116
1013 572 205
1014 155 939 683
1015 243 157
1016 572 346
1017 205 939 272
1018 155 899 859 686
1019 650 559 901 833 360
1020 155 939
1021 303 627
1022 693 683
1023 650 155 620
1024 155 809
1025 909 592 111 809
1026 693 939 285 683 437
1027 650 809
1028 650 155 326 939 191 909
1029 155 780
1030 768 413 646
1031 326 442
1032 939 292 757 54
1033 155 464
1034 572 939
1035 809 88
1036 650 909
1037 809 812
1038 320 258
1039 650 258
1040 456 346 484 107
1041 285 359
1042 939 311
1043 939 436
1044 650 572 39 341 262 939 438 809 48 963 726 994
1045 326 693 368
1046 159 107
1047 572 939 980
1048 739 677 740 618 634 791 951 629
1049 939 770 980
1050 939 770
1051 341 455 809
1052 702 939
1053 572 205 939 899
1054 650 155 939 464 620 768 552
1055 78 845
1056 650 939
1057 111 438
1058 456 159 252
1059 939 768
1060 205 155
1061 650 939 243 553 809 758 366 126
1062 650 875
1063 155 17 637
1064 939 242 56
1065 915 437
1066 155 437
1067 332 726
1068 650 341 205 939 243 3 748 360
1069 650 341 939 809 748 360
1070 155 809
1071 638 809
1072 939 243 48
1073 693 464
1074 205 909 702 939 592 311 20 943
1075 429 155
1076 809 126 726 994
1077 939 243 48
1078 650 341 205 939 243 809 3 748 360
1079 861 809
1080 797 155
1081 285 611 683
1082 155 438 809
1083 650 341 438 758 748 994
1084 650 438
1085 693 782 110 648
1086 429 243 809
1087 155 939 133
1088 650 909 702 686
1089 155 932
1090 702 17 14
1091 909 702
1092 572 553
1093 650 693 939
1094 650 939
1095 650 419 939 811 111 909 943
1096 909 311 366 131
1097 861 341 939 243 7 809 758 748 994
1098 155 693 939
1099 572 320 980
1100 809 126
1101 155 939
1102 939 243
1103 572 250
1104 718 466
1105 155 859
1106 205 553
1107 650 572 155 939 809
1108 915 909 702 939 243 311 539 980
1109 572 205
1110 464 854 7 773
1111 915 205 939 721 943 320 859
1112 205 939
1113 702 809
1114 438 809 901
1115 740 538 896
1116 205 553
1117 261 126
1118 205 702 618 101 106 809 470 791
1119 650 438 945
1120 438 181 480 901
1121 909 702 133 33 4 153 932 901
1122 670 821
1123 429 341 909 982 809 225 98
1124 572 958 401
1125 572 494
1126 650 861 341 939 243 809 748 788
1127 341 928
1128 205 490
1129 861 702 346 292
1130 155 285 970
1131 205 155
1132 939 41 758
1133 67 6
1134 909 320
1135 572 341 343
1136 650 429 939 243
1137 909 939
1138 650 341 939 41 758
1139 155 755
1140 572 553 272 852
1141 438 15
1142 401 43
1143 39 803 438 809 821
1144 939 243
1145 943 288
1146 205 505 133 346 899 852
1147 572 939
1148 451 285
1149 155 501 854
1150 650 939 800 17
1151 702 939 800 311
1152 572 979 553 272
1153 155 133
1154 341 343 215 272
1155 650 572 155 415
1156 155 285
1157 155 326 111 943
1158 464 720
1159 185 489 111 806
1160 909 41
1161 341 909 702
1162 809 859
1163 205 939 438
1164 909 111
1165 285 382
1166 909 698 164
1167 155 939 954 782
1168 363 234
1169 13 862 234
1170 13 862 171 476 234
1171 326 285
1172 155 939
1173 909 153
1174 572 899 1014
1175 205 702 909
1176 199 438
1177 650 155 693 451 285 620 45
1178 572 205
1179 650 670 560 614
1180 939 133
1181 111 611 943 952
1182 572 133 153
1183 939 153
1184 650 155
1185 155 326
1186 861 954 285
1187 572 539
1188 155 864
1189 572 205 939
1190 650 939 800 311 17 242
1191 155 618 382
1192 909 702 939 311
1193 326 988
1194 572 979 852
1195 650 572 341 205 909 939 505 758
1196 572 702 592
1197 650 939 311
1198 650 429 915 155 693 939 638 782 1009 977 285 41
1199 650 326
1200 433 155 133
1201 243 413
1202 670 341 859
1203 861 915 954
1204 572 346
1205 650 285 683
1206 909 683
1207 939 909 478
1208 429 572 205 155 939 524
1209 572 909 155 133 909
1210 326 438
1211 650 693
1212 155 859
1213 280 199
1214 429 939
1215 155 782 618 438 346
1216 650 797
1217 939 801 478
1218 650 326 693
1219 650 155
1220 336 663 215 758
1221 429 939
1222 155 614
1223 954 638 7 963
1224 702 909
1225 429 939 243
1226 650 572 39 702 939 618
1227 650 155
1228 650 915 155 326 939 683 963
1229 650 433 1009 111 909 1000 41 4 215 610 48
1230 155 17
1231 346 7
1232 650 614
1233 155 809
1234 650 939
1235 419 382
1236 205 939 272
1237 155 111
1238 155 939 81 346
1239 343 933
1240 341 809
1241 155 256 683
1242 650 809
1243 797 155 285
1244 572 490
1245 939 1009
1246 650 155 939 144 464 133
1247 199 303
1248 939 478 859
1249 205 1002
1250 572 939 782
1251 155 755
1252 429 572 341 205 939
1253 155 243
1254 159 155 144 854
1255 155 464
1256 205 199
1257 650 155
1258 650 429
1259 650 693 939 464 620 45
1260 111 346
1261 572 205 155 939 111 41 438 153 552
1262 205 155
1263 64 321
1264 650 48
1265 650 572 243 265
1266 702 505 909
1267 199 401
1268 650 155 693
1269 650 861
1270 205 155 705
1271 82 412
1272 939 800 311 943
1273 572 939
1274 650 939 731 950 193 68 48 366 791
1275 572 909
1276 650 438
1277 155 954
1278 638 285
1279 650 939 133 859 683
1280 670 429 909 958 419 732 289 354 311 133 401 35 580 272
1281 670 429 909 958 419 732 354 133 899 401 35 580
1282 650 572
1283 915 693
1284 572 979 553
1285 797 909 702
1286 155 285 81 866 484
1287 572 155
1288 650 939
1289 205 155
1290 650 939
1291 650 155 820
1292 702 939
1293 909 438
1294 572 101
1295 909 505
1296 1002 179
1297 133 909
1298 155 144
1299 39 433 909 133
1300 693 243 311
1301 464 720
1302 155 464
1303 909 702 505 225
1304 409 326 416 832
1305 572 419
1306 155 60
1307 572 341 979 939 800 289 608 862 346 899
1308 155 464
1309 155 560
1310 155 7
1311 861 954 285
1312 464 782
1313 677 976 576
1314 155 866
1315 650 429 341 205 909 155 702 939 1002 416 111 133
1316 650 199
1317 702 982
1318 650 412
1319 702 979
1320 670 187
1321 800 478
1322 447 482
1323 199 943
1324 456 205 111 763 231
1325 438 901 825 50
1326 155 939 464 803
1327 155 81
1328 800 592 311 820 973 41 943 17 23 272
1329 909 45
1330 155 909
1331 572 438 899 809 852
1332 650 155
1333 650 939
1334 456 159 205 501 854 740 133 896
1335 155 326 464
1336 650 155
1337 539 199
1338 979 333
1339 702 811 800 782 215
1340 205 155
1341 939 800
1342 155 560 939 133 909 346 227 478 189 859 153 437
1343 650 341 155
1344 702 939 311
1345 650 572 915 155 821 971
1346 199 206
1347 572 205 553
1348 341 909 800 311 973 166
1349 572 939 243
1350 650 429 572 205 732 939 638 311
1351 539 350
1352 650 155 451 782
1353 429 572 939 800 311
1354 618 346
1355 155 939
1356 155 909
1357 572 464
1358 650 155
1359 572 205
1360 650 376
1361 861 693
1362 650 155
1363 155 693
1364 650 285
1365 155 693
1366 650 341
1367 205 155 451
1368 650 832
1369 650 939 1009
1370 155 464
1371 155 782
1372 572 909 155
1373 155 693
1374 333 311 1000 193
1375 861 915 954 333
1376 650 285
1377 464 782
1378 861 333 410
1379 650 572 243 949
1380 572 464
1381 861 693 702
1382 333 464
1383 909 702 723 166
1384 650 429 572 939 651 265
1385 650 429 572 341 205 909 702 887
1386 464 862
1387 429 909 702
1388 650 155 451
1389 433 155 464 285
1390 861 326 702 638 782 973
1391 650 341
1392 341 326 190 464 505
1393 155 464
1394 650 155
1395 572 155 693
1396 155 638
1397 915 447 280 618
1398 650 560 439
1399 650 429 341 702
1400 650 709
1401 650 456 572 155 560 464 439 285
1402 159 155 501
1403 650 939
1404 46 429 341 909 702 663
1405 670 797 155 702
1406 155 939
1407 572 320 686
1408 124 731
1409 693 560 439
1410 572 205
1411 702 799
1412 572 553
1413 155 651
1414 155 464
1415 205 155
1416 650 572 341 909
1417 693 638
1418 693 464
1419 650 341 419 638
1420 155 693 25 611
1421 861 572 341
1422 650 341
