0 115 154 187
1 21 262 262
2 156
3 285 103 211
4 122 149
5 215
6 21 240
7 157 54
8 134 32 267 55
9 48
10 277 64 48 149 254
11 253 282 286
12 79 64 19
13 211
14 79 87
15 281
16 277 41 86 41 162
17 79 246
18 137 203 189 195
19 278 103 226
20 246
21 79 21 159 191
22 216 253
23 262 97
24 214 148
25 156
26 156 103 76
27 139 81
28 156
29 87 208
30 214 104
31 214
32 253 152 129 74 286
33 211
34 79
35 122 107
36 81 26
37 285 261 243
38 214 259
39 211
40 104 246 273
41 164 104
42 148 8 2
43 53 268 167
44 244 91 246
45 104 204
46 7 228
47 222 246
48 21
49 21 269 269
50 111 159
51 165 193 247
52 222
53 48 247 87 78
54 198 104
55 48 9 266
56 79
57 253 126
58 211 87
59 168 13
60 104
61 261 123
62 64 13
63 156
64 64
65 203 2 104
66 39 11
67 87
68 139
69 68 214 274 244
70 286 98
71 156 273
72 48 266 191
73 187
74 156 198 76
75 156 246
76 48 127
77 87 165 278
78 121 47
79 21
80 162 226 12 87 119
81 246
82 156
83 156 156
84 87 48
85 156
86 147 165
87 134 55 58 32
88 246 87
89 156 87 202 87
90 159 19 214 234
91 87 126
92 282 104
93 136
94 173 173 5
95 189 118 2
96 79 103
97 104 9 9 135 135
98 246 211
99 156
100 286
101 53 167 268
102 87 167
103 286 98 201 274
104 87 230 19 150
105 228 48
106 189 70
107 148 214 134
108 79
109 198 139
110 169
111 139 81
112 203 166 118 99
113 104 253 30 198
114 282 236 165 209
115 48
116 211 241
117 104 246
118 48 247 150 198
119 87 226 150
120 81 14
121 286 184
122 139 81 87
123 109 259 91 273 40
124 21 211
125 87
126 87 211 211
127 87
128 159 87 234 234
129 48 2 110 13
130 156
131 189 203
132 87 278
133 68 244
134 119 203 150
135 139 87
136 198 64
137 148 87
138 15 278 134 72 224
139 87
140 21
141 87 97 43
142 87 136
143 214 246
144 215 282
145 189 80 61
146 214 246
147 104 31 243 38 102
148 104 73 111
149 79 46 256 154 270
150 97 34
151 273 172 228
152 48 156 245
153 246
154 157
155 156 76
156 211 87
157 246 242 68 259
158 156 38 76
159 216 203
160 246 81 114
161 48 148 214
162 282 71
163 174 178 46
164 87
165 87
166 174 217 128
167 179 156 276 87 46 49
168 282
169 144
170 134 32 55 121
171 231 136
172 211 209 209
173 187
174 87 278 255
175 246 266 104
176 48 275 273 228
177 139 81
178 179 272 162
179 21
180 159 165
181 87
182 156
183 134 32
184 159 87
185 285 48
186 198 64 2
187 174 35 188
188 204
189 104
190 156
191 156
192 253
193 21
194 159 11 21 79
195 214 73 154
196 168 20 278 81 103 13 226 53 139
197 109 238 87 103 164
198 64 149 190 69 81 12 203 65 119 70
199 122
200 0 276 38 282
201 214
202 48 173
203 282
204 139 81 167 268
205 246 67 214
206 104 100
207 21 283 85
208 21
209 111 91 37 87 29
210 278
211 156 96 103 50
212 198 165
213 21
214 135
215 246 259
216 148 45 8
217 134 55 58 32
218 87 247 40 46
219 109 228 246 273 172
220 48 250 210
221 156 10
222 79
223 214 63 238 20
224 228 246 198 273
225 244
226 21 48 133
227 156 63 261
228 169
229 214
230 286 98 27
231 21
232 87 226
233 130 153
234 11 139 81
235 285 275
236 246 87
237 214 2 150
238 164 285 285 261
239 203 42
240 21 191
241 73 287
242 79 11
243 159
244 87 46 247
245 165 152 286
246 134 32 58 55
247 21
248 159 87 19
249 214 103 148
250 73
251 156
252 216
253 214 274
254 39 103
255 274 91
256 179 156
257 87 238 246
258 159 21
259 282 104 39
260 214 63 91
261 139 189
262 211 2
263 246 2 22 238 104
264 139 26 81
265 159 273
266 209 211 87
267 286 260 184
268 222 246
269 159 87 165
270 214 28 105 109 36
271 104 156 286
272 214
273 214
274 48 256 11
275 11 21 159 79 159 87
276 87 156 103 21 246
277 87 211
278 266 9
279 79 187 154 159 272
280 246 149 122
281 286 156 208
282 211 209 144
283 179 20 39 126
284 109 154 272 79
285 104 215 106 198 156
286 39 96 287
287 87
288 174 287 214 60
289 209 39 246
290 0 165 276 231 167
291 104 73 246
292 39 273 172 9 275 246
293 281 181
294 87 211
295 48 267 165 247 204
296 134 221 54
297 53 268 167 87
298 21 211 87
299 169
300 157 230
301 87 120 58
302 21
303 53 167 268
304 87
305 282
306 111 29
307 134 137 2 6
308 79 135
309 13
310 246
311 246 21
312 101 17 81 140
313 135 1
314 156 271 245
315 9 285 273 275
316 263
317 246
318 159 87
319 111 159 87
320 159 246 246
321 79 159
322 159 111
323 187 156
324 115 214 111 159 179 29
325 39 87
326 156 76
327 21
328 214 27 238
329 104 2
330 147 81 139
331 263 87
332 168 34 26
333 285 103 261
334 157
335 48 169
336 209 211
337 282 273 38
338 73
339 159 38
340 139 64
341 263 87
342 49 276 179 14
343 263 163
344 134 55
345 214 20 63
346 214 198 222 253
347 214
348 214 196 274
349 286 157 184
350 159
351 18 34
352 174 149
353 114 136 155 91 105
354 39
355 21
356 215
357 169 66
358 0 276 49 130 25
359 156
360 21
361 79
362 215
363 231 136
364 174 103 145
365 87
366 189 203
367 82 72
368 156
369 21 48 191
370 104 100 182
371 253 286 282
372 11 21 283
373 79 21
374 134 32 58 64 55 148
375 79 154 87 272
376 156 76
377 134 32 55 214 147 148
378 286
379 158 246 1
380 16 171 24 64
381 215 192
382 48
383 104 200 247
384 87 68 91
385 214 274 246
386 156 197 151
387 222
388 148 214
389 156 245
390 49 14
391 156 76
392 156 87
393 216
394 68 134
395 87
396 115 154 104 272 79
397 173
398 159
399 169
400 97 211 87
401 122
402 134 55 32 58
403 39 104 246
404 49 276 179
405 104 128 204 273 229
406 104 165 206
407 48 35 151 35 283
408 144
409 156
410 31 111
411 282 134 104
412 157 38 88 246
413 9 266
414 87 211
415 159 111
416 162 149
417 214 246 238
418 211 87 95
419 246
420 286 157 260 184
421 211 265 87
422 109 214
423 148 58 59 134
424 87 221
425 159 246
426 174 50 156 156
427 286 201 274 132
428 134 32 55 121
429 246 211
430 87 122
431 211 87 95
432 222 246
433 68 246
434 104 245 246 38 156 156 106
435 263
436 21 283
437 215
438 87 150
439 156 245 22
440 104 154 272 115
441 246 278 244 2
442 156 76
443 253 286
444 130 258 87
445 68 101 91 113
446 48 173
447 104 100
448 134
449 87 263
450 39 214 73
451 156 96
452 87
453 140 2 150
454 156 103 35
455 246 211 39
456 148 214 134 6
457 111 219 29 28 214
458 157 156 245 156
459 285 103 261 243
460 139 147 124
461 139 87 87
462 273 275 278 128
463 148 134
464 156 245
465 156
466 261 176 185
467 169
468 214 97 36
469 246 96
470 53 167
471 68
472 87 122 211 92 107
473 211 87
474 139 53 81
475 179 39
476 53
477 214
478 79 246
479 104 266
480 87
481 81 198 173
482 53 9
483 134 32 55
484 214
485 253 20 286
486 253 286
487 111 115 71
488 87
489 180
490 214
491 211
492 158 170 47
493 282 2
494 214 143
495 148 69 54 134 103 150
496 214 73
497 48 226
498 246 241 164 87
499 159 87
500 148 214 214 214
501 216
502 216
503 148 8 134 6
504 261 176 123
505 246
506 277 26 103 139
507 187 115
508 203 162 285 285 261 2
509 79 39
510 26 81 150
511 14 165 49
512 157 164
513 68 91 203
514 87 213 13 251 217
515 21 156 283
516 139 43 81 147
517 48 278 251 275
518 104 238 252
519 148
520 214 2 238
521 148 134
522 162 87
523 79 154
524 159
525 48 169
526 261 285 285
527 87 211
528 68 91 168 16
529 87 179 179
530 0 276 160 255
531 246 73
532 21 103 43
533 246 226 39 147
534 159
535 14 49 276 160
536 87 214 273
537 48 273
538 134 2 6 90 2
539 159
540 159 160
541 159 211 122 21
542 173 173
543 156 198
544 281 91 2
545 159
546 203 91 278
547 139 124 81
548 189 60 81
549 87 211
550 219 137 190 171 36 287 45
551 21 103
552 104 204
553 214
554 111 179 179 288 37
555 285 103 86
556 48
557 159 87
558 134 32 55
559 87
560 156 245
561 139 11
562 156
563 48 34
564 156
565 21 87 87
566 21 191
567 87 281 21
568 159 246 108 198
569 216 175 106
570 263 87
571 203 91 105 2
572 214 68
573 286 201 132
574 39 104 246
575 159
576 162
577 159 108 104
578 48 135 275
579 159 79
580 122
581 48 101
582 214 63
583 251 273
584 215 238
585 158 170 156
586 286 253
587 231 189 103 94 228
588 214 121
589 198 279 81 26
590 104 258 44 212
591 214 121 105
592 246
593 135 33 186 186
594 11 79 154 272
595 109 246 154
596 48
597 286 286 183
598 0 104
599 246
600 281 232
601 147 118
602 156 156
603 79
604 179
605 180
606 246 67 214
607 156
608 214 259
609 169 48
610 53 167 268
611 156 76
612 87 126
613 214 211 112
614 48
615 203 119
616 286 152 194 17 207 247 201 256 233 52 286
617 165 147 139 225
618 31 111
619 48 123 176 176 269
620 215
621 222 2 161
622 246 73 274
623 21 87 103
624 156 38 76
625 286 109 87
626 282
627 136
628 21 87 211
629 203 136 189
630 115 159 109 154 68 79
631 286 98 29 201
632 174 103 214
633 216 253 148
634 53 13
635 156
636 203 134
637 156
638 253 156 30 156
639 160 226 48
640 263
641 214
642 210 2 91 86 250
643 156 223 76
644 48 169
645 79
646 48 81 150
647 173 173
648 104 87 261
649 134 55 58 32
650 21 79
651 156
652 87 31 156 111
653 285 261
654 32 54 2 22 214 134 65 227 103 141 237 36 226 274 218 146 116 58 48 243
655 246 130 153
656 79
657 21 87
658 179 87
659 11 21 79
660 104 73 246
661 100 104 104
662 214 46 109
663 263
664 135 38 239 104
665 281
666 214 2
667 263 87
668 179
669 13
670 211 68
671 173
672 193 81 42 233 118 147 65 13 139
673 214 63
674 285 171 13
675 198 125 81
676 148 214 134
677 162
678 272 23 115 154
679 87 268 246
680 68 274 91
681 48 21 191
682 134 55 58 32
683 21 156
684 246 164 273
685 48 247 54
686 198
687 21 87
688 179
689 214 36
690 246 154 11
691 159
692 49 276 179
693 156 76
694 282
695 285 38
696 214 87
697 111
698 135 246
699 111 198 87 159
700 159
701 275 278 93 264 267 172 217
702 246
703 156 22 282
704 111 87 31
705 122
706 159 108
707 68 246 91
708 48 278
709 211 87
710 156 103
711 203 42
712 282 236
713 87 211 203
714 104 5
715 156
716 214 63
717 134 55 58 32
718 156 76
719 211
720 156
721 159 246
722 48 176 176
723 246 211
724 282 104 39 134
725 21 191 48
726 87 211
727 246 130 130 273
728 286 274 284
729 115 223 154 272
730 203 281
731 21
732 39 259
733 156
734 159 165 109 104
735 164 247
736 198 48 156
737 156 238 104 243
738 261 203 2
739 203 189 84
740 119 203 12
741 79
742 11 274 246
743 87 254
744 214
745 281 68 278 235 91
746 159 115 47 64
747 87 34
748 87 203
749 156 96
750 222 246 2
751 48 151 87 56 34
752 246 220 273
753 188
754 159 108
755 156 283
756 109 154
757 39 11 20
758 39 263
759 159 104
760 134 2 42
761 159 234
762 159 104
763 214 67 104
764 87 11 159
765 282
766 285 86 246 81
767 87 49 49 179
768 266 9
769 135 230 96
770 159 108
771 139 81
772 278
773 282
774 104 73 39
775 135 187
776 144
777 169
778 48 159 4 31
779 87 211 3
780 87 156
781 79 246
782 246 156 238
783 21 156 226 150
784 214 264
785 281 2 91 150
786 104 73
787 21 87 103
788 87 211
789 87 251
790 21 87
791 189 203
792 159 19 234
793 87 111
794 11 21 79
795 156 238
796 286
797 11 38 159 272
798 68 87
799 246
800 79 246 11
801 11 79
802 81 247 26
803 203 189
804 55 32
805 159 149
806 148 214
807 104 182
808 32 137 13 148 77 144
809 87 211
810 147
811 159 246
812 87 156 156 103 156
813 203 165 13 226 246
814 31 111 65 150
815 281 278 91 138 150
816 53 257 142
817 246 75 0
818 179
819 72 267 172
820 21
821 174 35 151 144 62 83
822 156 68
823 0 276 120
824 211
825 87 211
826 119 203 2
827 214 196 246
828 216 214 38
829 48 211 273
830 53 48 87 167
831 209 226
832 156 76
833 261 11 176
834 79 246
835 87 278 144 203
836 156 236 282 238 212
837 285 285 103 53 123
838 87 285
839 204 104 273
840 282
841 139 53
842 68
843 169
844 174 151 35
845 134 104
846 156 256 39
847 211 246 228 109 273
848 134 48 61 55
849 53 268
850 87
851 79
852 214 264 196
853 159 87
854 216 282 175 106
855 214 286
856 159 19 87
857 21 87 285 261
858 134 32 148 55 148
859 209 19
860 282 117 89 48
861 111 31
862 214 143
863 285 261
864 68
865 139 81
866 281 259 165 87 2
867 87 278 213 244 15 199
868 134 32 55 58 58
869 39 238 246 165
870 159 283 97 248
871 169
872 135 158 165
873 263 87
874 130 238 153 153 2 214
875 21 87 135 211 39 263
876 111 87
877 189 2 12 87
878 246 221
879 87
880 48 204
881 246 87
882 87 103 156 156
883 156 76
884 159 108 224
885 87 211 150
886 158 135 22
887 174 263 246
888 79
889 281
890 73 104
891 155 128 51 172 48 266
892 104 62 214
893 211 87
894 198 36 165
895 244 91 246
896 134 6 2
897 156 76
898 285 86 103
899 214
900 214
901 87
902 215 156 82
903 162 79 176
904 157 156 38
905 214 87
906 139
907 159 214 111
908 159 214 19
909 246 198 149
910 130 214 274
911 156 204
912 261
913 189 231
914 209 39
915 111 31 200 159
916 111 246 179 29
917 162 101
918 215 156
919 87 272
920 53 203 81 2
921 157
922 214
923 87 101 2
924 156
925 68 273
926 278 87 249 251
927 273 244
928 244
929 134 55
930 79
931 21 87
932 122 107
933 53 142
934 50 103
935 162 122 150
936 10 188
937 174 282
938 72 172 273 275
939 79 11
940 261 81 285 243 176
941 285
942 21 87 156 156
943 81 177 173 26
944 169
945 285 87 211
946 281 91
947 87 228 286
948 147 11 87 139 48
949 204
950 256 12 95 203 53 139
951 281 203
952 156
953 130 156 258 243 22
954 111 238
955 87 211 278
956 266 9
957 156 103
958 209 87 2
959 281
960 34
961 156 103
962 281 138
963 109 214 238
964 79 87
965 285 261 2
966 148 187
967 135 104
968 216 131 106
969 79 154
970 104 280 73
971 159 122 111
972 214
973 246
974 246 273
975 148 214
976 162 147 285 185
977 286 246 2
978 261 176 176 123 81 150
979 214 246
980 159 108
981 21 273 246
982 246 244
983 156 165 151 76
984 87 68 274 274 91 91
985 104 89 117
986 87
987 104 134 203
988 282 38
989 87 156
990 87 21
991 263
992 87 21
993 21 283 191 34
994 209 87
995 281 91 203 42
996 214
997 134 32 209 58
998 285 243
999 104
1000 21
1001 198 205
1002 261 162 285 79 176
1003 263 87
1004 222 208
1005 159
1006 216 214 121 253
1007 286 179 87 156 156
1008 203 91 134 235
1009 286 246
1010 68 222 222 246 48
1011 159
1012 87 21
1013 189 119
1014 214
1015 156 104 238
1016 79 285 46
1017 174 46 111 186
1018 87 278
1019 87 211
1020 214
1021 134 55 227 282
1022 96 57
1023 148 58 35 32
1024 246 226
1025 215 165
1026 222 282
1027 246 211
1028 48 276
1029 214 105
1030 48 169
1031 139 81
